  2.25018E-03,  2.37174E-03,  2.49851E-03,  2.63069E-03,  2.76847E-03,  2.91205E-03,  3.06162E-03,  3.21736E-03,  3.37945E-03,  3.54805E-03,  3.72329E-03,  3.90531E-03,  4.09418E-03,  4.28997E-03,  4.49267E-03,  4.70224E-03,  4.91858E-03,  5.14149E-03,  5.37072E-03,  5.60589E-03,  5.84653E-03,  6.09204E-03,  6.34170E-03,  6.59462E-03,  6.84979E-03,  7.10603E-03,  7.36200E-03,  7.61621E-03,  7.86702E-03,  8.11267E-03,  8.35128E-03,  8.58091E-03,  8.79956E-03,  9.00527E-03,  9.19612E-03,  9.37031E-03,  9.52620E-03,  9.66240E-03,  9.77777E-03,  9.87152E-03,  9.94318E-03,  9.99267E-03,  1.00202E-02,  1.00266E-02,  1.00126E-02,  9.97954E-03,  9.92894E-03,  9.86245E-03,  9.78188E-03,  9.68909E-03,  9.58594E-03,  9.47427E-03,  9.35582E-03,  9.23221E-03,  9.10491E-03,  8.97524E-03,  8.84434E-03,  8.71317E-03,  8.58254E-03,  8.45308E-03,  8.32529E-03,  8.19952E-03,  8.07602E-03,  7.95493E-03,  7.83632E-03,  7.72017E-03,  7.60645E-03,  7.49504E-03,  7.38584E-03,  7.27870E-03,  7.17347E-03,  7.07001E-03,  6.96818E-03,  6.86782E-03,  6.76882E-03,  6.67105E-03,  6.57442E-03,  6.47884E-03,  6.38424E-03,  6.29054E-03,  6.19771E-03,  6.10570E-03,  6.01449E-03,  5.92407E-03,  5.83442E-03,  5.74555E-03,  5.65745E-03,  5.57013E-03,  5.48362E-03,  5.39792E-03,  5.31305E-03,  5.22904E-03,  5.14590E-03,  5.06366E-03,  4.98233E-03,  4.90194E-03,  4.82250E-03,  4.74404E-03,  4.66657E-03,
  2.25576E-03,  2.38086E-03,  2.51152E-03,  2.64795E-03,  2.79040E-03,  2.93909E-03,  3.09424E-03,  3.25610E-03,  3.42486E-03,  3.60075E-03,  3.78395E-03,  3.97463E-03,  4.17293E-03,  4.37897E-03,  4.59279E-03,  4.81441E-03,  5.04377E-03,  5.28072E-03,  5.52503E-03,  5.77637E-03,  6.03427E-03,  6.29813E-03,  6.56721E-03,  6.84059E-03,  7.11716E-03,  7.39565E-03,  7.67457E-03,  7.95227E-03,  8.22688E-03,  8.49639E-03,  8.75862E-03,  9.01130E-03,  9.25210E-03,  9.47866E-03,  9.68870E-03,  9.88005E-03,  1.00507E-02,  1.01991E-02,  1.03236E-02,  1.04235E-02,  1.04981E-02,  1.05473E-02,  1.05715E-02,  1.05714E-02,  1.05483E-02,  1.05038E-02,  1.04395E-02,  1.03576E-02,  1.02603E-02,  1.01498E-02,  1.00284E-02,  9.89816E-03,  9.76120E-03,  9.61938E-03,  9.47439E-03,  9.32772E-03,  9.18063E-03,  9.03418E-03,  8.88920E-03,  8.74636E-03,  8.60613E-03,  8.46885E-03,  8.33471E-03,  8.20380E-03,  8.07611E-03,  7.95158E-03,  7.83008E-03,  7.71145E-03,  7.59550E-03,  7.48202E-03,  7.37082E-03,  7.26170E-03,  7.15447E-03,  7.04894E-03,  6.94496E-03,  6.84239E-03,  6.74109E-03,  6.64096E-03,  6.54192E-03,  6.44388E-03,  6.34678E-03,  6.25060E-03,  6.15529E-03,  6.06083E-03,  5.96722E-03,  5.87445E-03,  5.78253E-03,  5.69146E-03,  5.60126E-03,  5.51195E-03,  5.42355E-03,  5.33607E-03,  5.24954E-03,  5.16398E-03,  5.07941E-03,  4.99586E-03,  4.91334E-03,  4.83187E-03,  4.75148E-03,
  2.25875E-03,  2.38739E-03,  2.52193E-03,  2.66264E-03,  2.80978E-03,  2.96363E-03,  3.12446E-03,  3.29253E-03,  3.46813E-03,  3.65150E-03,  3.84290E-03,  4.04256E-03,  4.25068E-03,  4.46743E-03,  4.69294E-03,  4.92727E-03,  5.17044E-03,  5.42235E-03,  5.68284E-03,  5.95160E-03,  6.22820E-03,  6.51206E-03,  6.80241E-03,  7.09832E-03,  7.39860E-03,  7.70187E-03,  8.00652E-03,  8.31066E-03,  8.61222E-03,  8.90887E-03,  9.19811E-03,  9.47727E-03,  9.74359E-03,  9.99427E-03,  1.02265E-02,  1.04378E-02,  1.06257E-02,  1.07880E-02,  1.09232E-02,  1.10299E-02,  1.11076E-02,  1.11561E-02,  1.11759E-02,  1.11678E-02,  1.11336E-02,  1.10749E-02,  1.09942E-02,  1.08939E-02,  1.07766E-02,  1.06452E-02,  1.05023E-02,  1.03504E-02,  1.01920E-02,  1.00292E-02,  9.86406E-03,  9.69813E-03,  9.53285E-03,  9.36935E-03,  9.20851E-03,  9.05098E-03,  8.89723E-03,  8.74752E-03,  8.60198E-03,  8.46063E-03,  8.32336E-03,  8.19003E-03,  8.06042E-03,  7.93428E-03,  7.81134E-03,  7.69133E-03,  7.57398E-03,  7.45904E-03,  7.34626E-03,  7.23542E-03,  7.12632E-03,  7.01879E-03,  6.91268E-03,  6.80786E-03,  6.70422E-03,  6.60168E-03,  6.50017E-03,  6.39964E-03,  6.30006E-03,  6.20141E-03,  6.10367E-03,  6.00684E-03,  5.91093E-03,  5.81594E-03,  5.72190E-03,  5.62882E-03,  5.53672E-03,  5.44563E-03,  5.35556E-03,  5.26654E-03,  5.17860E-03,  5.09176E-03,  5.00603E-03,  4.92144E-03,  4.83801E-03,
  2.25894E-03,  2.39107E-03,  2.52947E-03,  2.67445E-03,  2.82630E-03,  2.98534E-03,  3.15190E-03,  3.32629E-03,  3.50884E-03,  3.69987E-03,  3.89970E-03,  4.10862E-03,  4.32692E-03,  4.55484E-03,  4.79258E-03,  5.04030E-03,  5.29808E-03,  5.56592E-03,  5.84371E-03,  6.13121E-03,  6.42805E-03,  6.73368E-03,  7.04734E-03,  7.36806E-03,  7.69462E-03,  8.02554E-03,  8.35903E-03,  8.69304E-03,  9.02519E-03,  9.35283E-03,  9.67306E-03,  9.98275E-03,  1.02786E-02,  1.05573E-02,  1.08156E-02,  1.10501E-02,  1.12580E-02,  1.14367E-02,  1.15842E-02,  1.16988E-02,  1.17798E-02,  1.18270E-02,  1.18410E-02,  1.18230E-02,  1.17749E-02,  1.16991E-02,  1.15984E-02,  1.14759E-02,  1.13349E-02,  1.11787E-02,  1.10104E-02,  1.08332E-02,  1.06499E-02,  1.04631E-02,  1.02748E-02,  1.00871E-02,  9.90138E-03,  9.71889E-03,  9.54053E-03,  9.36693E-03,  9.19850E-03,  9.03542E-03,  8.87772E-03,  8.72531E-03,  8.57798E-03,  8.43546E-03,  8.29743E-03,  8.16353E-03,  8.03341E-03,  7.90670E-03,  7.78306E-03,  7.66216E-03,  7.54370E-03,  7.42742E-03,  7.31307E-03,  7.20045E-03,  7.08938E-03,  6.97971E-03,  6.87133E-03,  6.76412E-03,  6.65803E-03,  6.55299E-03,  6.44897E-03,  6.34594E-03,  6.24389E-03,  6.14283E-03,  6.04275E-03,  5.94368E-03,  5.84562E-03,  5.74860E-03,  5.65265E-03,  5.55778E-03,  5.46402E-03,  5.37140E-03,  5.27995E-03,  5.18968E-03,  5.10061E-03,  5.01277E-03,  4.92618E-03,
  2.25606E-03,  2.39163E-03,  2.53386E-03,  2.68307E-03,  2.83962E-03,  3.00386E-03,  3.17617E-03,  3.35693E-03,  3.54653E-03,  3.74537E-03,  3.95382E-03,  4.17226E-03,  4.40108E-03,  4.64059E-03,  4.89110E-03,  5.15287E-03,  5.42607E-03,  5.71081E-03,  6.00706E-03,  6.31470E-03,  6.63341E-03,  6.96271E-03,  7.30187E-03,  7.64994E-03,  8.00564E-03,  8.36741E-03,  8.73332E-03,  9.10108E-03,  9.46805E-03,  9.83118E-03,  1.01871E-02,  1.05322E-02,  1.08625E-02,  1.11740E-02,  1.14627E-02,  1.17246E-02,  1.19562E-02,  1.21541E-02,  1.23159E-02,  1.24396E-02,  1.25241E-02,  1.25693E-02,  1.25759E-02,  1.25455E-02,  1.24803E-02,  1.23835E-02,  1.22586E-02,  1.21093E-02,  1.19398E-02,  1.17540E-02,  1.15559E-02,  1.13490E-02,  1.11368E-02,  1.09221E-02,  1.07075E-02,  1.04951E-02,  1.02864E-02,  1.00828E-02,  9.88517E-03,  9.69404E-03,  9.50973E-03,  9.33233E-03,  9.16172E-03,  8.99767E-03,  8.83983E-03,  8.68779E-03,  8.54108E-03,  8.39922E-03,  8.26176E-03,  8.12822E-03,  7.99816E-03,  7.87120E-03,  7.74696E-03,  7.62512E-03,  7.50541E-03,  7.38757E-03,  7.27140E-03,  7.15673E-03,  7.04344E-03,  6.93140E-03,  6.82055E-03,  6.71082E-03,  6.60217E-03,  6.49458E-03,  6.38804E-03,  6.28255E-03,  6.17813E-03,  6.07477E-03,  5.97252E-03,  5.87139E-03,  5.77140E-03,  5.67259E-03,  5.57499E-03,  5.47861E-03,  5.38348E-03,  5.28964E-03,  5.19710E-03,  5.10588E-03,  5.01600E-03,
  2.24987E-03,  2.38881E-03,  2.53479E-03,  2.68818E-03,  2.84938E-03,  3.01879E-03,  3.19685E-03,  3.38401E-03,  3.58072E-03,  3.78745E-03,  4.00468E-03,  4.23287E-03,  4.47249E-03,  4.72399E-03,  4.98778E-03,  5.26423E-03,  5.55365E-03,  5.85627E-03,  6.17219E-03,  6.50139E-03,  6.84369E-03,  7.19869E-03,  7.56574E-03,  7.94390E-03,  8.33192E-03,  8.72814E-03,  9.13051E-03,  9.53652E-03,  9.94320E-03,  1.03471E-02,  1.07443E-02,  1.11306E-02,  1.15012E-02,  1.18513E-02,  1.21760E-02,  1.24704E-02,  1.27300E-02,  1.29509E-02,  1.31296E-02,  1.32638E-02,  1.33522E-02,  1.33944E-02,  1.33915E-02,  1.33454E-02,  1.32592E-02,  1.31366E-02,  1.29820E-02,  1.28004E-02,  1.25965E-02,  1.23755E-02,  1.21419E-02,  1.19002E-02,  1.16543E-02,  1.14076E-02,  1.11629E-02,  1.09224E-02,  1.06881E-02,  1.04610E-02,  1.02422E-02,  1.00320E-02,  9.83056E-03,  9.63789E-03,  9.45366E-03,  9.27744E-03,  9.10871E-03,  8.94686E-03,  8.79127E-03,  8.64133E-03,  8.49642E-03,  8.35596E-03,  8.21943E-03,  8.08633E-03,  7.95622E-03,  7.82874E-03,  7.70354E-03,  7.58036E-03,  7.45895E-03,  7.33914E-03,  7.22077E-03,  7.10373E-03,  6.98794E-03,  6.87332E-03,  6.75985E-03,  6.64750E-03,  6.53626E-03,  6.42615E-03,  6.31717E-03,  6.20935E-03,  6.10270E-03,  5.99727E-03,  5.89307E-03,  5.79014E-03,  5.68851E-03,  5.58820E-03,  5.48926E-03,  5.39169E-03,  5.29552E-03,  5.20079E-03,  5.10749E-03,
  2.24010E-03,  2.38232E-03,  2.53196E-03,  2.68944E-03,  2.85521E-03,  3.02973E-03,  3.21350E-03,  3.40703E-03,  3.61087E-03,  3.82555E-03,  4.05166E-03,  4.28976E-03,  4.54045E-03,  4.80427E-03,  5.08180E-03,  5.37353E-03,  5.67994E-03,  6.00140E-03,  6.33818E-03,  6.69043E-03,  7.05811E-03,  7.44095E-03,  7.83843E-03,  8.24970E-03,  8.67352E-03,  9.10821E-03,  9.55162E-03,  1.00010E-02,  1.04531E-02,  1.09040E-02,  1.13491E-02,  1.17835E-02,  1.22015E-02,  1.25974E-02,  1.29649E-02,  1.32982E-02,  1.35915E-02,  1.38398E-02,  1.40388E-02,  1.41854E-02,  1.42780E-02,  1.43161E-02,  1.43010E-02,  1.42353E-02,  1.41227E-02,  1.39682E-02,  1.37774E-02,  1.35562E-02,  1.33110E-02,  1.30477E-02,  1.27721E-02,  1.24894E-02,  1.22042E-02,  1.19205E-02,  1.16413E-02,  1.13692E-02,  1.11061E-02,  1.08531E-02,  1.06110E-02,  1.03801E-02,  1.01604E-02,  9.95159E-03,  9.75309E-03,  9.56426E-03,  9.38432E-03,  9.21248E-03,  9.04791E-03,  8.88982E-03,  8.73743E-03,  8.59004E-03,  8.44700E-03,  8.30772E-03,  8.17170E-03,  8.03849E-03,  7.90773E-03,  7.77908E-03,  7.65231E-03,  7.52719E-03,  7.40358E-03,  7.28135E-03,  7.16041E-03,  7.04070E-03,  6.92220E-03,  6.80487E-03,  6.68872E-03,  6.57377E-03,  6.46002E-03,  6.34751E-03,  6.23627E-03,  6.12633E-03,  6.01772E-03,  5.91048E-03,  5.80465E-03,  5.70024E-03,  5.59730E-03,  5.49585E-03,  5.39592E-03,  5.29751E-03,  5.20066E-03,
  2.22650E-03,  2.37187E-03,  2.52504E-03,  2.68649E-03,  2.85672E-03,  3.03625E-03,  3.22564E-03,  3.42548E-03,  3.63640E-03,  3.85904E-03,  4.09407E-03,  4.34220E-03,  4.60412E-03,  4.88056E-03,  5.17222E-03,  5.47978E-03,  5.80389E-03,  6.14512E-03,  6.50395E-03,  6.88072E-03,  7.27561E-03,  7.68854E-03,  8.11916E-03,  8.56677E-03,  9.03023E-03,  9.50787E-03,  9.99748E-03,  1.04961E-02,  1.10002E-02,  1.15054E-02,  1.20064E-02,  1.24973E-02,  1.29714E-02,  1.34217E-02,  1.38407E-02,  1.42208E-02,  1.45549E-02,  1.48364E-02,  1.50599E-02,  1.52214E-02,  1.53186E-02,  1.53511E-02,  1.53204E-02,  1.52299E-02,  1.50844E-02,  1.48903E-02,  1.46547E-02,  1.43853E-02,  1.40898E-02,  1.37758E-02,  1.34501E-02,  1.31190E-02,  1.27880E-02,  1.24615E-02,  1.21430E-02,  1.18351E-02,  1.15398E-02,  1.12582E-02,  1.09908E-02,  1.07377E-02,  1.04985E-02,  1.02727E-02,  1.00594E-02,  9.85764E-03,  9.66633E-03,  9.48443E-03,  9.31087E-03,  9.14466E-03,  8.98484E-03,  8.83056E-03,  8.68105E-03,  8.53560E-03,  8.39364E-03,  8.25467E-03,  8.11824E-03,  7.98403E-03,  7.85175E-03,  7.72117E-03,  7.59213E-03,  7.46451E-03,  7.33821E-03,  7.21320E-03,  7.08942E-03,  6.96689E-03,  6.84559E-03,  6.72556E-03,  6.60682E-03,  6.48940E-03,  6.37334E-03,  6.25867E-03,  6.14545E-03,  6.03370E-03,  5.92347E-03,  5.81478E-03,  5.70767E-03,  5.60217E-03,  5.49830E-03,  5.39608E-03,  5.29553E-03,
  2.20880E-03,  2.35715E-03,  2.51371E-03,  2.67897E-03,  2.85351E-03,  3.03790E-03,  3.23278E-03,  3.43881E-03,  3.65672E-03,  3.88724E-03,  4.13118E-03,  4.38936E-03,  4.66263E-03,  4.95188E-03,  5.25798E-03,  5.58183E-03,  5.92428E-03,  6.28615E-03,  6.66816E-03,  7.07092E-03,  7.49486E-03,  7.94019E-03,  8.40681E-03,  8.89422E-03,  9.40147E-03,  9.92702E-03,  1.04686E-02,  1.10233E-02,  1.15870E-02,  1.21550E-02,  1.27212E-02,  1.32788E-02,  1.38198E-02,  1.43354E-02,  1.48165E-02,  1.52536E-02,  1.56375E-02,  1.59598E-02,  1.62134E-02,  1.63929E-02,  1.64955E-02,  1.65204E-02,  1.64696E-02,  1.63475E-02,  1.61606E-02,  1.59170E-02,  1.56260E-02,  1.52972E-02,  1.49405E-02,  1.45652E-02,  1.41797E-02,  1.37915E-02,  1.34069E-02,  1.30310E-02,  1.26675E-02,  1.23194E-02,  1.19883E-02,  1.16752E-02,  1.13804E-02,  1.11035E-02,  1.08439E-02,  1.06004E-02,  1.03719E-02,  1.01570E-02,  9.95430E-03,  9.76241E-03,  9.58000E-03,  9.40582E-03,  9.23873E-03,  9.07769E-03,  8.92179E-03,  8.77023E-03,  8.62235E-03,  8.47757E-03,  8.33543E-03,  8.19554E-03,  8.05760E-03,  7.92138E-03,  7.78672E-03,  7.65350E-03,  7.52162E-03,  7.39104E-03,  7.26176E-03,  7.13376E-03,  7.00706E-03,  6.88170E-03,  6.75771E-03,  6.63513E-03,  6.51401E-03,  6.39440E-03,  6.27633E-03,  6.15986E-03,  6.04502E-03,  5.93185E-03,  5.82039E-03,  5.71066E-03,  5.60269E-03,  5.49650E-03,  5.39210E-03,
  2.18673E-03,  2.33789E-03,  2.49763E-03,  2.66652E-03,  2.84517E-03,  3.03423E-03,  3.23440E-03,  3.44645E-03,  3.67118E-03,  3.90946E-03,  4.16220E-03,  4.43037E-03,  4.71500E-03,  5.01715E-03,  5.33790E-03,  5.67839E-03,  6.03973E-03,  6.42300E-03,  6.82924E-03,  7.25938E-03,  7.71421E-03,  8.19426E-03,  8.69981E-03,  9.23068E-03,  9.78621E-03,  1.03651E-02,  1.09652E-02,  1.15834E-02,  1.22156E-02,  1.28565E-02,  1.34992E-02,  1.41358E-02,  1.47567E-02,  1.53513E-02,  1.59081E-02,  1.64151E-02,  1.68606E-02,  1.72334E-02,  1.75243E-02,  1.77262E-02,  1.78349E-02,  1.78496E-02,  1.77729E-02,  1.76105E-02,  1.73711E-02,  1.70652E-02,  1.67050E-02,  1.63029E-02,  1.58713E-02,  1.54218E-02,  1.49647E-02,  1.45089E-02,  1.40617E-02,  1.36287E-02,  1.32141E-02,  1.28206E-02,  1.24499E-02,  1.21025E-02,  1.17782E-02,  1.14761E-02,  1.11951E-02,  1.09335E-02,  1.06896E-02,  1.04617E-02,  1.02477E-02,  1.00461E-02,  9.85514E-03,  9.67329E-03,  9.49918E-03,  9.33160E-03,  9.16949E-03,  9.01193E-03,  8.85818E-03,  8.70759E-03,  8.55965E-03,  8.41397E-03,  8.27023E-03,  8.12820E-03,  7.98770E-03,  7.84863E-03,  7.71091E-03,  7.57452E-03,  7.43944E-03,  7.30570E-03,  7.17332E-03,  7.04236E-03,  6.91285E-03,  6.78485E-03,  6.65841E-03,  6.53360E-03,  6.41045E-03,  6.28903E-03,  6.16937E-03,  6.05151E-03,  5.93549E-03,  5.82135E-03,  5.70910E-03,  5.59878E-03,  5.49038E-03,
  2.16002E-03,  2.31377E-03,  2.47648E-03,  2.64877E-03,  2.83129E-03,  3.02477E-03,  3.22999E-03,  3.44781E-03,  3.67913E-03,  3.92493E-03,  4.18627E-03,  4.46429E-03,  4.76017E-03,  5.07520E-03,  5.41069E-03,  5.76803E-03,  6.14864E-03,  6.55394E-03,  6.98532E-03,  7.44413E-03,  7.93157E-03,  8.44866E-03,  8.99610E-03,  9.57422E-03,  1.01828E-02,  1.08208E-02,  1.14866E-02,  1.21770E-02,  1.28879E-02,  1.36134E-02,  1.43461E-02,  1.50765E-02,  1.57935E-02,  1.64841E-02,  1.71339E-02,  1.77277E-02,  1.82500E-02,  1.86865E-02,  1.90245E-02,  1.92544E-02,  1.93705E-02,  1.93716E-02,  1.92612E-02,  1.90469E-02,  1.87403E-02,  1.83555E-02,  1.79084E-02,  1.74151E-02,  1.68915E-02,  1.63518E-02,  1.58087E-02,  1.52728E-02,  1.47524E-02,  1.42537E-02,  1.37809E-02,  1.33368E-02,  1.29224E-02,  1.25377E-02,  1.21819E-02,  1.18535E-02,  1.15505E-02,  1.12706E-02,  1.10115E-02,  1.07708E-02,  1.05461E-02,  1.03352E-02,  1.01362E-02,  9.94710E-03,  9.76637E-03,  9.59257E-03,  9.42448E-03,  9.26109E-03,  9.10154E-03,  8.94515E-03,  8.79137E-03,  8.63978E-03,  8.49007E-03,  8.34201E-03,  8.19543E-03,  8.05025E-03,  7.90641E-03,  7.76390E-03,  7.62273E-03,  7.48294E-03,  7.34458E-03,  7.20771E-03,  7.07239E-03,  6.93868E-03,  6.80665E-03,  6.67637E-03,  6.54789E-03,  6.42127E-03,  6.29656E-03,  6.17380E-03,  6.05302E-03,  5.93427E-03,  5.81756E-03,  5.70292E-03,  5.59037E-03,
  2.12841E-03,  2.28451E-03,  2.44993E-03,  2.62533E-03,  2.81144E-03,  3.00905E-03,  3.21902E-03,  3.44228E-03,  3.67987E-03,  3.93289E-03,  4.20254E-03,  4.49012E-03,  4.79702E-03,  5.12475E-03,  5.47490E-03,  5.84914E-03,  6.24924E-03,  6.67700E-03,  7.13425E-03,  7.62283E-03,  8.14447E-03,  8.70076E-03,  9.29303E-03,  9.92224E-03,  1.05888E-02,  1.12923E-02,  1.20315E-02,  1.28037E-02,  1.36048E-02,  1.44288E-02,  1.52673E-02,  1.61098E-02,  1.69430E-02,  1.77511E-02,  1.85161E-02,  1.92185E-02,  1.98381E-02,  2.03557E-02,  2.07539E-02,  2.10197E-02,  2.11450E-02,  2.11280E-02,  2.09733E-02,  2.06916E-02,  2.02983E-02,  1.98127E-02,  1.92556E-02,  1.86483E-02,  1.80108E-02,  1.73612E-02,  1.67147E-02,  1.60839E-02,  1.54780E-02,  1.49036E-02,  1.43651E-02,  1.38646E-02,  1.34024E-02,  1.29778E-02,  1.25889E-02,  1.22333E-02,  1.19081E-02,  1.16101E-02,  1.13363E-02,  1.10835E-02,  1.08487E-02,  1.06294E-02,  1.04230E-02,  1.02273E-02,  1.00405E-02,  9.86094E-03,  9.68720E-03,  9.51818E-03,  9.35294E-03,  9.19077E-03,  9.03108E-03,  8.87346E-03,  8.71759E-03,  8.56326E-03,  8.41034E-03,  8.25875E-03,  8.10847E-03,  7.95951E-03,  7.81191E-03,  7.66574E-03,  7.52106E-03,  7.37795E-03,  7.23649E-03,  7.09677E-03,  6.95885E-03,  6.82282E-03,  6.68874E-03,  6.55666E-03,  6.42665E-03,  6.29875E-03,  6.17300E-03,  6.04943E-03,  5.92807E-03,  5.80894E-03,  5.69205E-03,
  2.09164E-03,  2.24982E-03,  2.41766E-03,  2.59586E-03,  2.78522E-03,  2.98660E-03,  3.20094E-03,  3.42926E-03,  3.67272E-03,  3.93253E-03,  4.21007E-03,  4.50681E-03,  4.82436E-03,  5.16446E-03,  5.52899E-03,  5.91997E-03,  6.33954E-03,  6.78995E-03,  7.27356E-03,  7.79274E-03,  8.34991E-03,  8.94736E-03,  9.58723E-03,  1.02713E-02,  1.10009E-02,  1.17764E-02,  1.25975E-02,  1.34621E-02,  1.43665E-02,  1.53048E-02,  1.62682E-02,  1.72448E-02,  1.82190E-02,  1.91719E-02,  2.00808E-02,  2.09207E-02,  2.16650E-02,  2.22873E-02,NA,NA,NA,NA,NA,NA,NA,  2.14668E-02,  2.07695E-02,  2.00185E-02,  1.92397E-02,  1.84557E-02,  1.76848E-02,  1.69414E-02,  1.62359E-02,  1.55750E-02,  1.49625E-02,  1.43997E-02,  1.38858E-02,  1.34188E-02,  1.29956E-02,  1.26125E-02,  1.22654E-02,  1.19501E-02,  1.16625E-02,  1.13987E-02,  1.11551E-02,  1.09283E-02,  1.07156E-02,  1.05142E-02,  1.03220E-02,  1.01372E-02,  9.95818E-03,  9.78378E-03,  9.61300E-03,  9.44506E-03,  9.27939E-03,  9.11558E-03,  8.95333E-03,  8.79246E-03,  8.63287E-03,  8.47453E-03,  8.31745E-03,  8.16167E-03,  8.00727E-03,  7.85434E-03,  7.70297E-03,  7.55327E-03,  7.40533E-03,  7.25925E-03,  7.11513E-03,  6.97304E-03,  6.83305E-03,  6.69525E-03,  6.55968E-03,  6.42640E-03,  6.29544E-03,  6.16685E-03,  6.04063E-03,  5.91683E-03,  5.79543E-03,
  2.04948E-03,  2.20943E-03,  2.37934E-03,  2.56000E-03,  2.75223E-03,  2.95696E-03,  3.17523E-03,  3.40814E-03,  3.65696E-03,  3.92306E-03,  4.20795E-03,  4.51330E-03,  4.84094E-03,  5.19288E-03,  5.57132E-03,  5.97862E-03,  6.41738E-03,  6.89034E-03,  7.40043E-03,  7.95073E-03,  8.54440E-03,  9.18464E-03,  9.87455E-03,  1.06170E-02,  1.14145E-02,  1.22688E-02,  1.31806E-02,  1.41491E-02,  1.51715E-02,  1.62424E-02,  1.73530E-02,  1.84902E-02,  1.96364E-02,  2.07687E-02,  2.18591E-02,NA,NA,NA,NA,NA,NA,NA,NA,NA,NA,NA,NA,NA,  2.05890E-02,  1.96400E-02,  1.87192E-02,  1.78427E-02,  1.70215E-02,  1.62620E-02,  1.55669E-02,  1.49360E-02,  1.43669E-02,  1.38558E-02,  1.33978E-02,  1.29875E-02,  1.26196E-02,  1.22883E-02,  1.19886E-02,  1.17155E-02,  1.14646E-02,  1.12319E-02,  1.10140E-02,  1.08079E-02,  1.06112E-02,  1.04219E-02,  1.02381E-02,  1.00586E-02,  9.88242E-03,  9.70873E-03,  9.53698E-03,  9.36677E-03,  9.19787E-03,  9.03014E-03,  8.86353E-03,  8.69805E-03,  8.53375E-03,  8.37074E-03,  8.20912E-03,  8.04902E-03,  7.89056E-03,  7.73387E-03,  7.57907E-03,  7.42627E-03,  7.27559E-03,  7.12711E-03,  6.98092E-03,  6.83710E-03,  6.69570E-03,  6.55678E-03,  6.42038E-03,  6.28653E-03,  6.15525E-03,  6.02657E-03,  5.90048E-03,
  2.00169E-03,  2.16307E-03,  2.33471E-03,  2.51741E-03,  2.71208E-03,  2.91970E-03,  3.14138E-03,  3.37833E-03,  3.63193E-03,  3.90367E-03,  4.19524E-03,  4.50849E-03,  4.84549E-03,  5.20853E-03,  5.60014E-03,  6.02308E-03,  6.48041E-03,  6.97543E-03,  7.51175E-03,  8.09321E-03,  8.72389E-03,  9.40803E-03,  1.01500E-02,  1.09539E-02,  1.18240E-02,  1.27635E-02,  1.37751E-02,  1.48596E-02,  1.60161E-02,  1.72403E-02,  1.85240E-02,  1.98539E-02,  2.12104E-02,NA,NA,NA,NA,NA,NA,NA,NA,NA,NA,NA,NA,NA,NA,NA,NA,NA,  1.98155E-02,  1.87821E-02,  1.78273E-02,  1.69564E-02,  1.61700E-02,  1.54657E-02,  1.48386E-02,  1.42824E-02,  1.37901E-02,  1.33542E-02,  1.29673E-02,  1.26224E-02,  1.23129E-02,  1.20328E-02,  1.17766E-02,  1.15399E-02,  1.13185E-02,  1.11091E-02,  1.09090E-02,  1.07158E-02,  1.05278E-02,  1.03435E-02,  1.01621E-02,  9.98261E-03,  9.80462E-03,  9.62778E-03,  9.45191E-03,  9.27693E-03,  9.10286E-03,  8.92978E-03,  8.75781E-03,  8.58709E-03,  8.41778E-03,  8.25004E-03,  8.08404E-03,  7.91993E-03,  7.75786E-03,  7.59796E-03,  7.44035E-03,  7.28513E-03,  7.13241E-03,  6.98226E-03,  6.83474E-03,  6.68991E-03,  6.54781E-03,  6.40847E-03,  6.27191E-03,  6.13815E-03,  6.00719E-03,
  1.94807E-03,  2.11051E-03,  2.28346E-03,  2.46778E-03,  2.66440E-03,  2.87438E-03,  3.09890E-03,  3.33926E-03,  3.59694E-03,  3.87357E-03,  4.17100E-03,  4.49129E-03,  4.83672E-03,  5.20989E-03,  5.61366E-03,  6.05122E-03,  6.52613E-03,  7.04233E-03,  7.60411E-03,  8.21623E-03,  8.88378E-03,  9.61227E-03,  1.04075E-02,  1.12753E-02,  1.22219E-02,  1.32527E-02,  1.43728E-02,  1.55859E-02,  1.68934E-02,  1.82937E-02,  1.97806E-02,  2.13413E-02,NA,NA,NA,NA,NA,NA,NA,NA,NA,NA,NA,NA,NA,NA,NA,NA,NA,NA,NA,  1.97498E-02,  1.86419E-02,  1.76464E-02,  1.67606E-02,  1.59786E-02,  1.52920E-02,  1.46913E-02,  1.41666E-02,  1.37077E-02,  1.33051E-02,  1.29499E-02,  1.26338E-02,  1.23496E-02,  1.20910E-02,  1.18525E-02,  1.16296E-02,  1.14184E-02,  1.12160E-02,  1.10199E-02,  1.08282E-02,  1.06396E-02,  1.04530E-02,  1.02676E-02,  1.00832E-02,  9.89942E-03,  9.71616E-03,  9.53347E-03,  9.35145E-03,  9.17025E-03,  8.99007E-03,  8.81110E-03,  8.63358E-03,  8.45770E-03,  8.28366E-03,  8.11167E-03,  7.94187E-03,  7.77444E-03,  7.60950E-03,  7.44718E-03,  7.28757E-03,  7.13076E-03,  6.97682E-03,  6.82579E-03,  6.67773E-03,  6.53266E-03,  6.39060E-03,  6.25155E-03,  6.11552E-03,
  1.88841E-03,  2.05153E-03,  2.22538E-03,  2.41083E-03,  2.60888E-03,  2.82064E-03,  3.04735E-03,  3.29040E-03,  3.55137E-03,  3.83203E-03,  4.13436E-03,  4.46063E-03,  4.81336E-03,  5.19543E-03,  5.61006E-03,  6.06088E-03,  6.55197E-03,  7.08792E-03,  7.67384E-03,  8.31543E-03,  9.01896E-03,  9.79136E-03,  1.06401E-02,  1.15732E-02,  1.25991E-02,  1.37263E-02,  1.49630E-02,  1.63166E-02,  1.77927E-02,  1.93937E-02,NA,NA,NA,NA,NA,NA,NA,NA,NA,NA,NA,NA,NA,NA,NA,NA,NA,NA,NA,NA,NA,NA,NA,  1.83163E-02,  1.73243E-02,  1.64619E-02,  1.57163E-02,  1.50736E-02,  1.45201E-02,  1.40427E-02,  1.36290E-02,  1.32680E-02,  1.29496E-02,  1.26652E-02,  1.24075E-02,  1.21701E-02,  1.19480E-02,  1.17369E-02,  1.15336E-02,  1.13355E-02,  1.11408E-02,  1.09480E-02,  1.07562E-02,  1.05649E-02,  1.03738E-02,  1.01826E-02,  9.99145E-03,  9.80049E-03,  9.60992E-03,  9.41999E-03,  9.23098E-03,  9.04318E-03,  8.85685E-03,  8.67226E-03,  8.48965E-03,  8.30925E-03,  8.13126E-03,  7.95584E-03,  7.78315E-03,  7.61332E-03,  7.44645E-03,  7.28264E-03,  7.12195E-03,  6.96444E-03,  6.81014E-03,  6.65909E-03,  6.51128E-03,  6.36674E-03,  6.22544E-03,
  1.82257E-03,  1.98595E-03,  2.16023E-03,  2.34631E-03,  2.54522E-03,  2.75812E-03,  2.98631E-03,  3.23126E-03,  3.49464E-03,  3.77833E-03,  4.08448E-03,  4.41551E-03,  4.77419E-03,  5.16367E-03,  5.58754E-03,  6.04986E-03,  6.55527E-03,  7.10903E-03,  7.71708E-03,  8.38617E-03,  9.12385E-03,  9.93864E-03,  1.08400E-02,  1.18382E-02,  1.29448E-02,  1.41717E-02,  1.55314E-02,  1.70364E-02,  1.86979E-02,NA,NA,NA,NA,NA,NA,NA,NA,NA,NA,NA,NA,NA,NA,NA,NA,NA,NA,NA,NA,NA,NA,NA,NA,NA,  1.78424E-02,  1.69000E-02,  1.60986E-02,  1.54190E-02,  1.48429E-02,  1.43533E-02,  1.39350E-02,  1.35742E-02,  1.32590E-02,  1.29793E-02,  1.27265E-02,  1.24935E-02,  1.22748E-02,  1.20659E-02,  1.18631E-02,  1.16641E-02,  1.14669E-02,  1.12702E-02,  1.10733E-02,  1.08757E-02,  1.06774E-02,  1.04783E-02,  1.02786E-02,  1.00787E-02,  9.87893E-03,  9.67957E-03,  9.48104E-03,  9.28371E-03,  9.08792E-03,  8.89400E-03,  8.70223E-03,  8.51287E-03,  8.32615E-03,  8.14226E-03,  7.96136E-03,  7.78360E-03,  7.60909E-03,  7.43792E-03,  7.27015E-03,  7.10584E-03,  6.94502E-03,  6.78772E-03,  6.63394E-03,  6.48367E-03,  6.33690E-03,
  1.75039E-03,  1.91361E-03,  2.08784E-03,  2.27401E-03,  2.47318E-03,  2.68654E-03,  2.91545E-03,  3.16144E-03,  3.42626E-03,  3.71188E-03,  4.02060E-03,  4.35500E-03,  4.71806E-03,  5.11322E-03,  5.54438E-03,  6.01606E-03,  6.53342E-03,  7.10242E-03,  7.72987E-03,  8.42359E-03,  9.19252E-03,  1.00469E-02,  1.09982E-02,  1.20598E-02,  1.32462E-02,  1.45738E-02,  1.60604E-02,  1.77249E-02,  1.95864E-02,NA,NA,NA,NA,NA,NA,NA,NA,NA,NA,NA,NA,NA,NA,NA,NA,NA,NA,NA,NA,NA,NA,NA,NA,NA,NA,NA,  1.64239E-02,  1.57158E-02,  1.51262E-02,  1.46335E-02,  1.42190E-02,  1.38661E-02,  1.35609E-02,  1.32916E-02,  1.30486E-02,  1.28241E-02,  1.26118E-02,  1.24072E-02,  1.22066E-02,  1.20075E-02,  1.18083E-02,  1.16079E-02,  1.14056E-02,  1.12014E-02,  1.09953E-02,  1.07876E-02,  1.05787E-02,  1.03690E-02,  1.01591E-02,  9.94954E-03,  9.74070E-03,  9.53308E-03,  9.32711E-03,  9.12317E-03,  8.92160E-03,  8.72268E-03,  8.52667E-03,  8.33379E-03,  8.14421E-03,  7.95808E-03,  7.77551E-03,  7.59659E-03,  7.42140E-03,  7.24997E-03,  7.08234E-03,  6.91852E-03,  6.75851E-03,  6.60229E-03,  6.44984E-03,
  1.67178E-03,  1.83439E-03,  2.00807E-03,  2.19377E-03,  2.39256E-03,  2.60568E-03,  2.83450E-03,  3.08060E-03,  3.34580E-03,  3.63216E-03,  3.94208E-03,  4.27829E-03,  4.64397E-03,  5.04279E-03,  5.47898E-03,  5.95745E-03,  6.48391E-03,  7.06496E-03,  7.70829E-03,  8.42280E-03,  9.21885E-03,  1.01084E-02,  1.11055E-02,  1.22261E-02,  1.34889E-02,  1.49150E-02,  1.65285E-02,  1.83565E-02,NA,NA,NA,NA,NA,NA,NA,NA,NA,NA,NA,NA,NA,NA,NA,NA,NA,NA,NA,NA,NA,NA,NA,NA,NA,NA,NA,NA,NA,NA,  1.53609E-02,  1.48771E-02,  1.44773E-02,  1.41420E-02,  1.38550E-02,  1.36031E-02,  1.33754E-02,  1.31636E-02,  1.29612E-02,  1.27632E-02,  1.25663E-02,  1.23681E-02,  1.21673E-02,  1.19630E-02,  1.17550E-02,  1.15435E-02,  1.13289E-02,  1.11117E-02,  1.08925E-02,  1.06722E-02,  1.04513E-02,  1.02305E-02,  1.00104E-02,  9.79169E-03,  9.57473E-03,  9.36002E-03,  9.14794E-03,  8.93882E-03,  8.73293E-03,  8.53050E-03,  8.33173E-03,  8.13676E-03,  7.94570E-03,  7.75865E-03,  7.57567E-03,  7.39680E-03,  7.22205E-03,  7.05144E-03,  6.88494E-03,  6.72254E-03,  6.56420E-03,
  1.58665E-03,  1.74820E-03,  1.92082E-03,  2.10548E-03,  2.30325E-03,  2.51537E-03,  2.74325E-03,  2.98849E-03,  3.25295E-03,  3.53876E-03,  3.84840E-03,  4.18473E-03,  4.55107E-03,  4.95130E-03,  5.38993E-03,  5.87225E-03,  6.40442E-03,  6.99369E-03,  7.64856E-03,  8.37899E-03,  9.19674E-03,  1.01156E-02,  1.11519E-02,  1.23249E-02,  1.36572E-02,  1.51754E-02,  1.69109E-02,NA,NA,NA,NA,NA,NA,NA,NA,NA,NA,NA,NA,NA,NA,NA,NA,NA,NA,NA,NA,NA,NA,NA,NA,NA,NA,NA,NA,NA,NA,NA,NA,  1.50783E-02,  1.47067E-02,  1.44006E-02,  1.41417E-02,  1.39151E-02,  1.37092E-02,  1.35149E-02,  1.33257E-02,  1.31368E-02,  1.29451E-02,  1.27485E-02,  1.25461E-02,  1.23376E-02,  1.21233E-02,  1.19036E-02,  1.16795E-02,  1.14517E-02,  1.12212E-02,  1.09890E-02,  1.07560E-02,  1.05230E-02,  1.02907E-02,  1.00599E-02,  9.83105E-03,  9.60476E-03,  9.38142E-03,  9.16140E-03,  8.94500E-03,  8.73244E-03,  8.52394E-03,  8.31964E-03,  8.11966E-03,  7.92407E-03,  7.73293E-03,  7.54627E-03,  7.36410E-03,  7.18640E-03,  7.01316E-03,  6.84434E-03,  6.67990E-03,
  1.49496E-03,  1.65500E-03,  1.82606E-03,  2.00909E-03,  2.20518E-03,  2.41554E-03,  2.64160E-03,  2.88497E-03,  3.14753E-03,  3.43144E-03,  3.73923E-03,  4.07385E-03,  4.43872E-03,  4.83789E-03,  5.27610E-03,  5.75893E-03,  6.29297E-03,  6.88600E-03,  7.54726E-03,  8.28771E-03,  9.12038E-03,  1.00608E-02,  1.11277E-02,  1.23433E-02,  1.37345E-02,  1.53336E-02,  1.71797E-02,NA,NA,NA,NA,NA,NA,NA,NA,NA,NA,NA,NA,NA,NA,NA,NA,NA,NA,NA,NA,NA,NA,NA,NA,NA,NA,NA,NA,NA,NA,NA,NA,NA,NA,  1.46422E-02,  1.44226E-02,  1.42304E-02,  1.40530E-02,  1.38814E-02,  1.37091E-02,  1.35315E-02,  1.33462E-02,  1.31517E-02,  1.29476E-02,  1.27343E-02,  1.25126E-02,  1.22836E-02,  1.20486E-02,  1.18088E-02,  1.15657E-02,  1.13203E-02,  1.10739E-02,  1.08275E-02,  1.05819E-02,  1.03379E-02,  1.00963E-02,  9.85755E-03,  9.62216E-03,  9.39051E-03,  9.16292E-03,  8.93963E-03,  8.72085E-03,  8.50672E-03,  8.29734E-03,  8.09279E-03,  7.89311E-03,  7.69832E-03,  7.50840E-03,  7.32334E-03,  7.14309E-03,  6.96762E-03,  6.79685E-03,
  1.39671E-03,  1.55479E-03,  1.72378E-03,  1.90461E-03,  2.09835E-03,  2.30620E-03,  2.52956E-03,  2.77003E-03,  3.02949E-03,  3.31010E-03,  3.61441E-03,  3.94538E-03,  4.30653E-03,  4.70200E-03,  5.13667E-03,  5.61636E-03,  6.14798E-03,  6.73974E-03,  7.40151E-03,  8.14506E-03,  8.98458E-03,  9.93719E-03,  1.10236E-02,  1.22691E-02,  1.37045E-02,  1.53677E-02,NA,NA,NA,NA,NA,NA,NA,NA,NA,NA,NA,NA,NA,NA,NA,NA,NA,NA,NA,NA,NA,NA,NA,NA,NA,NA,NA,NA,NA,NA,NA,NA,NA,NA,NA,NA,  1.47008E-02,  1.45528E-02,  1.44115E-02,  1.42678E-02,  1.41158E-02,  1.39517E-02,  1.37736E-02,  1.35811E-02,  1.33746E-02,  1.31554E-02,  1.29250E-02,  1.26852E-02,  1.24377E-02,  1.21844E-02,  1.19269E-02,  1.16669E-02,  1.14057E-02,  1.11445E-02,  1.08843E-02,  1.06261E-02,  1.03707E-02,  1.01185E-02,  9.87023E-03,  9.62618E-03,  9.38670E-03,  9.15205E-03,  8.92242E-03,  8.69793E-03,  8.47869E-03,  8.26475E-03,  8.05614E-03,  7.85285E-03,  7.65487E-03,  7.46215E-03,  7.27464E-03,  7.09227E-03,  6.91495E-03,
  1.29192E-03,  1.44761E-03,  1.61403E-03,  1.79210E-03,  1.98284E-03,  2.18742E-03,  2.40721E-03,  2.64377E-03,  2.89892E-03,  3.17482E-03,  3.47396E-03,  3.79932E-03,  4.15441E-03,  4.54339E-03,  4.97123E-03,  5.44387E-03,  5.96842E-03,  6.55340E-03,  7.20911E-03,  7.94797E-03,  8.78507E-03,  9.73878E-03,  1.08316E-02,  1.20912E-02,  1.35520E-02,  1.52569E-02,NA,NA,NA,NA,NA,NA,NA,NA,NA,NA,NA,NA,NA,NA,NA,NA,NA,NA,NA,NA,NA,NA,NA,NA,NA,NA,NA,NA,NA,NA,NA,NA,NA,NA,NA,NA,NA,  1.48879E-02,  1.47903E-02,  1.46798E-02,  1.45512E-02,  1.44020E-02,  1.42316E-02,  1.40406E-02,  1.38306E-02,  1.36039E-02,  1.33629E-02,  1.31101E-02,  1.28482E-02,  1.25794E-02,  1.23058E-02,  1.20294E-02,  1.17517E-02,  1.14743E-02,  1.11983E-02,  1.09247E-02,  1.06543E-02,  1.03877E-02,  1.01257E-02,  9.86841E-03,  9.61632E-03,  9.36966E-03,  9.12858E-03,  8.89321E-03,  8.66362E-03,  8.43986E-03,  8.22192E-03,  8.00978E-03,  7.80341E-03,  7.60274E-03,  7.40769E-03,  7.21818E-03,  7.03411E-03,
  1.18064E-03,  1.33352E-03,  1.49691E-03,  1.67168E-03,  1.85880E-03,  2.05940E-03,  2.27476E-03,  2.50641E-03,  2.75609E-03,  3.02586E-03,  3.31818E-03,  3.63594E-03,  3.98258E-03,  4.36222E-03,  4.77982E-03,  5.24132E-03,  5.75389E-03,  6.32620E-03,  6.96878E-03,  7.69445E-03,  8.51886E-03,  9.46124E-03,  1.05453E-02,  1.18007E-02,  1.32644E-02,  1.49831E-02,NA,NA,NA,NA,NA,NA,NA,NA,NA,NA,NA,NA,NA,NA,NA,NA,NA,NA,NA,NA,NA,NA,NA,NA,NA,NA,NA,NA,NA,NA,NA,NA,NA,NA,NA,NA,NA,NA,  1.51967E-02,  1.51241E-02,  1.50216E-02,  1.48882E-02,  1.47250E-02,  1.45341E-02,  1.43187E-02,  1.40822E-02,  1.38282E-02,  1.35602E-02,  1.32815E-02,  1.29949E-02,  1.27031E-02,  1.24083E-02,  1.21125E-02,  1.18173E-02,  1.15239E-02,  1.12336E-02,  1.09471E-02,  1.06652E-02,  1.03884E-02,  1.01171E-02,  9.85171E-03,  9.59236E-03,  9.33923E-03,  9.09244E-03,  8.85202E-03,  8.61799E-03,  8.39032E-03,  8.16898E-03,  7.95389E-03,  7.74497E-03,  7.54211E-03,  7.34522E-03,  7.15418E-03,
  1.06296E-03,  1.21265E-03,  1.37257E-03,  1.54353E-03,  1.72645E-03,  1.92238E-03,  2.13253E-03,  2.35832E-03,  2.60139E-03,  2.86370E-03,  3.14757E-03,  3.45576E-03,  3.79159E-03,  4.15906E-03,  4.56297E-03,  5.00916E-03,  5.50471E-03,  6.05825E-03,  6.68030E-03,  7.38376E-03,  8.18449E-03,  9.10211E-03,  1.01610E-02,  1.13917E-02,  1.28326E-02,NA,NA,NA,NA,NA,NA,NA,NA,NA,NA,NA,NA,NA,NA,NA,NA,NA,NA,NA,NA,NA,NA,NA,NA,NA,NA,NA,NA,NA,NA,NA,NA,NA,NA,NA,NA,NA,NA,NA,NA,  1.56087E-02,  1.55340E-02,  1.54163E-02,  1.52589E-02,  1.50660E-02,  1.48424E-02,  1.45932E-02,  1.43232E-02,  1.40370E-02,  1.37386E-02,  1.34317E-02,  1.31193E-02,  1.28041E-02,  1.24882E-02,  1.21735E-02,  1.18613E-02,  1.15529E-02,  1.12492E-02,  1.09508E-02,  1.06584E-02,  1.03722E-02,  1.00927E-02,  9.82002E-03,  9.55426E-03,  9.29549E-03,  9.04375E-03,  8.79901E-03,  8.56122E-03,  8.33030E-03,  8.10617E-03,  7.88870E-03,  7.67778E-03,  7.47327E-03,  7.27503E-03,
  9.38986E-04,  1.08512E-03,  1.24118E-03,  1.40788E-03,  1.58608E-03,  1.77673E-03,  1.98093E-03,  2.19998E-03,  2.43540E-03,  2.68898E-03,  2.96286E-03,  3.25963E-03,  3.58239E-03,  3.93490E-03,  4.32174E-03,  4.74849E-03,  5.22199E-03,  5.75059E-03,  6.34457E-03,  7.01661E-03,  7.78235E-03,  8.66123E-03,  9.67753E-03,  1.08618E-02,  1.22527E-02,NA,NA,NA,NA,NA,NA,NA,NA,NA,NA,NA,NA,NA,NA,NA,NA,NA,NA,NA,NA,NA,NA,NA,NA,NA,NA,NA,NA,NA,NA,NA,NA,NA,NA,NA,NA,NA,NA,NA,NA,  1.61426E-02,  1.60960E-02,  1.59926E-02,  1.58385E-02,  1.56402E-02,  1.54048E-02,  1.51392E-02,  1.48496E-02,  1.45417E-02,  1.42205E-02,  1.38904E-02,  1.35548E-02,  1.32169E-02,  1.28789E-02,  1.25429E-02,  1.22104E-02,  1.18826E-02,  1.15603E-02,  1.12445E-02,  1.09354E-02,  1.06336E-02,  1.03392E-02,  1.00525E-02,  9.77348E-03,  9.50221E-03,  9.23865E-03,  8.98276E-03,  8.73445E-03,  8.49360E-03,  8.26010E-03,  8.03380E-03,  7.81454E-03,  7.60218E-03,  7.39653E-03,
  8.08839E-04,  9.51120E-04,  1.10295E-03,  1.26500E-03,  1.43802E-03,  1.62284E-03,  1.82046E-03,  2.03201E-03,  2.25884E-03,  2.50255E-03,  2.76505E-03,  3.04867E-03,  3.35623E-03,  3.69117E-03,  4.05772E-03,  4.46107E-03,  4.90762E-03,  5.40527E-03,  5.96378E-03,  6.59526E-03,  7.31472E-03,  8.14087E-03,  9.09713E-03,  1.02130E-02,  1.15260E-02,NA,NA,NA,NA,NA,NA,NA,NA,NA,NA,NA,NA,NA,NA,NA,NA,NA,NA,NA,NA,NA,NA,NA,NA,NA,NA,NA,NA,NA,NA,NA,NA,NA,NA,NA,NA,NA,NA,NA,NA,NA,  1.67154E-02,  1.66235E-02,  1.64686E-02,  1.62605E-02,  1.60087E-02,  1.57220E-02,  1.54084E-02,  1.50750E-02,  1.47275E-02,  1.43710E-02,  1.40096E-02,  1.36465E-02,  1.32844E-02,  1.29253E-02,  1.25708E-02,  1.22222E-02,  1.18803E-02,  1.15459E-02,  1.12193E-02,  1.09009E-02,  1.05910E-02,  1.02896E-02,  9.99672E-03,  9.71240E-03,  9.43655E-03,  9.16907E-03,  8.90983E-03,  8.65870E-03,  8.41551E-03,  8.18008E-03,  7.95223E-03,  7.73177E-03,  7.51850E-03,
  6.72655E-04,  8.10814E-04,  9.58137E-04,  1.11520E-03,  1.28265E-03,  1.46121E-03,  1.65170E-03,  1.85511E-03,  2.07256E-03,  2.30542E-03,  2.55532E-03,  2.82428E-03,  3.11474E-03,  3.42974E-03,  3.77304E-03,  4.14929E-03,  4.56431E-03,  5.02532E-03,  5.54131E-03,  6.12350E-03,  6.78585E-03,  7.54582E-03,  8.42527E-03,  9.45168E-03,  1.06599E-02,NA,NA,NA,NA,NA,NA,NA,NA,NA,NA,NA,NA,NA,NA,NA,NA,NA,NA,NA,NA,NA,NA,NA,NA,NA,NA,NA,NA,NA,NA,NA,NA,NA,NA,NA,NA,NA,NA,NA,NA,NA,  1.74001E-02,  1.73147E-02,  1.71536E-02,  1.69298E-02,  1.66558E-02,  1.63428E-02,  1.60005E-02,  1.56371E-02,  1.52595E-02,  1.48734E-02,  1.44832E-02,  1.40926E-02,  1.37042E-02,  1.33202E-02,  1.29423E-02,  1.25715E-02,  1.22088E-02,  1.18547E-02,  1.15097E-02,  1.11740E-02,  1.08478E-02,  1.05310E-02,  1.02237E-02,  9.92585E-03,  9.63722E-03,  9.35773E-03,  9.08718E-03,  8.82541E-03,  8.57221E-03,  8.32736E-03,  8.09066E-03,  7.86188E-03,  7.64079E-03,
  5.30573E-04,  6.64394E-04,  8.06974E-04,  9.58796E-04,  1.12039E-03,  1.29234E-03,  1.47531E-03,  1.67007E-03,  1.87752E-03,  2.09875E-03,  2.33507E-03,  2.58810E-03,  2.85986E-03,  3.15287E-03,  3.47031E-03,  3.81618E-03,  4.19553E-03,  4.61470E-03,  5.08170E-03,  5.60655E-03,  6.20182E-03,  6.88323E-03,  7.67045E-03,  8.58814E-03,  9.66735E-03,NA,NA,NA,NA,NA,NA,NA,NA,NA,NA,NA,NA,NA,NA,NA,NA,NA,NA,NA,NA,NA,NA,NA,NA,NA,NA,NA,NA,NA,NA,NA,NA,NA,NA,NA,NA,NA,NA,NA,NA,NA,NA,  1.80711E-02,  1.78964E-02,  1.76500E-02,  1.73472E-02,  1.70018E-02,  1.66253E-02,  1.62274E-02,  1.58158E-02,  1.53967E-02,  1.49749E-02,  1.45543E-02,  1.41377E-02,  1.37271E-02,  1.33241E-02,  1.29300E-02,  1.25453E-02,  1.21706E-02,  1.18063E-02,  1.14525E-02,  1.11093E-02,  1.07766E-02,  1.04543E-02,  1.01423E-02,  9.84046E-03,  9.54852E-03,  9.26629E-03,  8.99353E-03,  8.73000E-03,  8.47545E-03,  8.22964E-03,  7.99231E-03,  7.76320E-03,
  3.82719E-04,  5.12040E-04,  6.49711E-04,  7.96115E-04,  9.51659E-04,  1.11678E-03,  1.29196E-03,  1.47774E-03,  1.67478E-03,  1.88383E-03,  2.10583E-03,  2.34198E-03,  2.59378E-03,  2.86315E-03,  3.15258E-03,  3.46529E-03,  3.80541E-03,  4.17823E-03,  4.59055E-03,  5.05095E-03,  5.57030E-03,  6.16223E-03,  6.84378E-03,  7.63617E-03,  8.56584E-03,NA,NA,NA,NA,NA,NA,NA,NA,NA,NA,NA,NA,NA,NA,NA,NA,NA,NA,NA,NA,NA,NA,NA,NA,NA,NA,NA,NA,NA,NA,NA,NA,NA,NA,NA,NA,NA,NA,NA,NA,NA,NA,  1.88953E-02,  1.86985E-02,  1.84210E-02,  1.80820E-02,  1.76978E-02,  1.72816E-02,  1.68444E-02,  1.63948E-02,  1.59394E-02,  1.54834E-02,  1.50306E-02,  1.45838E-02,  1.41450E-02,  1.37157E-02,  1.32970E-02,  1.28893E-02,  1.24932E-02,  1.21088E-02,  1.17362E-02,  1.13753E-02,  1.10260E-02,  1.06882E-02,  1.03616E-02,  1.00460E-02,  9.74123E-03,  9.44693E-03,  9.16283E-03,  8.88867E-03,  8.62415E-03,  8.36898E-03,  8.12288E-03,  7.88554E-03,
  2.29204E-04,  3.53915E-04,  4.86576E-04,  6.27470E-04,  7.76874E-04,  9.35069E-04,  1.10234E-03,  1.27901E-03,  1.46542E-03,  1.66200E-03,  1.86927E-03,  2.08794E-03,  2.31892E-03,  2.56346E-03,  2.82327E-03,  3.10064E-03,  3.39866E-03,  3.72141E-03,  4.07428E-03,  4.46424E-03,  4.90021E-03,  5.39352E-03,  5.95828E-03,  6.61198E-03,  7.37607E-03,NA,NA,NA,NA,NA,NA,NA,NA,NA,NA,NA,NA,NA,NA,NA,NA,NA,NA,NA,NA,NA,NA,NA,NA,NA,NA,NA,NA,NA,NA,NA,NA,NA,NA,NA,NA,NA,NA,NA,NA,NA,NA,NA,  1.95583E-02,  1.92409E-02,  1.88578E-02,  1.84280E-02,  1.79666E-02,  1.74856E-02,  1.69944E-02,  1.64997E-02,  1.60070E-02,  1.55200E-02,  1.50413E-02,  1.45730E-02,  1.41162E-02,  1.36718E-02,  1.32403E-02,  1.28219E-02,  1.24166E-02,  1.20245E-02,  1.16453E-02,  1.12789E-02,  1.09250E-02,  1.05834E-02,  1.02537E-02,  9.93562E-03,  9.62887E-03,  9.33310E-03,  9.04800E-03,  8.77323E-03,  8.50846E-03,  8.25336E-03,  8.00761E-03,
  7.01075E-05,  1.90148E-04,  3.17765E-04,  4.53138E-04,  5.96417E-04,  7.47720E-04,  9.07138E-04,  1.07473E-03,  1.25055E-03,  1.43465E-03,  1.62710E-03,  1.82807E-03,  2.03784E-03,  2.25689E-03,  2.48606E-03,  2.72660E-03,  2.98042E-03,  3.25026E-03,  3.53995E-03,  3.85467E-03,  4.20130E-03,  4.58869E-03,  5.02801E-03,  5.53299E-03,NA,NA,NA,NA,NA,NA,NA,NA,NA,NA,NA,NA,NA,NA,NA,NA,NA,NA,NA,NA,NA,NA,NA,NA,NA,NA,NA,NA,NA,NA,NA,NA,NA,NA,NA,NA,NA,NA,NA,NA,NA,NA,NA,NA,  2.04716E-02,  2.01047E-02,  1.96697E-02,  1.91880E-02,  1.86763E-02,  1.81475E-02,  1.76114E-02,  1.70750E-02,  1.65436E-02,  1.60208E-02,  1.55090E-02,  1.50100E-02,  1.45247E-02,  1.40539E-02,  1.35977E-02,  1.31563E-02,  1.27295E-02,  1.23172E-02,  1.19192E-02,  1.15351E-02,  1.11647E-02,  1.08075E-02,  1.04632E-02,  1.01314E-02,  9.81187E-03,  9.50410E-03,  9.20776E-03,  8.92246E-03,  8.64784E-03,  8.38354E-03,  8.12918E-03,
 -9.45349E-05,  2.08211E-05,  1.43419E-04,  2.73340E-04,  4.10609E-04,  5.55184E-04,  7.06952E-04,  8.65722E-04,  1.03123E-03,  1.20313E-03,  1.38103E-03,  1.56450E-03,  1.75315E-03,  1.94662E-03,  2.14478E-03,  2.34775E-03,  2.55613E-03,  2.77117E-03,  2.99501E-03,  3.23095E-03,  3.48369E-03,  3.75967E-03,  4.06718E-03,  4.41648E-03,NA,NA,NA,NA,NA,NA,NA,NA,NA,NA,NA,NA,NA,NA,NA,NA,NA,NA,NA,NA,NA,NA,NA,NA,NA,NA,NA,NA,NA,NA,NA,NA,NA,NA,NA,NA,NA,NA,NA,NA,NA,NA,NA,NA,NA,  2.10046E-02,  2.05106E-02,  1.99715E-02,  1.94053E-02,  1.88256E-02,  1.82422E-02,  1.76623E-02,  1.70908E-02,  1.65310E-02,  1.59852E-02,  1.54547E-02,  1.49403E-02,  1.44423E-02,  1.39609E-02,  1.34958E-02,  1.30470E-02,  1.26140E-02,  1.21966E-02,  1.17943E-02,  1.14068E-02,  1.10336E-02,  1.06743E-02,  1.03285E-02,  9.99571E-03,  9.67559E-03,  9.36769E-03,  9.07160E-03,  8.78690E-03,  8.51318E-03,  8.25004E-03,
 -2.64741E-04, -1.54046E-04, -3.63895E-05,  8.82199E-05,  2.19688E-04,  3.57819E-04,  5.02300E-04,  6.52689E-04,  8.08397E-04,  9.68686E-04,  1.13266E-03,  1.29929E-03,  1.46743E-03,  1.63584E-03,  1.80332E-03,  1.96876E-03,  2.13134E-03,  2.29067E-03,  2.44707E-03,  2.60182E-03,  2.75747E-03,  2.91804E-03,  3.08921E-03,  3.27831E-03,NA,NA,NA,NA,NA,NA,NA,NA,NA,NA,NA,NA,NA,NA,NA,NA,NA,NA,NA,NA,NA,NA,NA,NA,NA,NA,NA,NA,NA,NA,NA,NA,NA,NA,NA,NA,NA,NA,NA,NA,NA,NA,NA,NA,NA,  2.19297E-02,  2.13711E-02,  2.07705E-02,  2.01470E-02,  1.95144E-02,  1.88826E-02,  1.82582E-02,  1.76460E-02,  1.70489E-02,  1.64686E-02,  1.59062E-02,  1.53622E-02,  1.48366E-02,  1.43294E-02,  1.38403E-02,  1.33688E-02,  1.29146E-02,  1.24773E-02,  1.20563E-02,  1.16512E-02,  1.12615E-02,  1.08867E-02,  1.05264E-02,  1.01801E-02,  9.84732E-03,  9.52757E-03,  9.22041E-03,  8.92538E-03,  8.64203E-03,  8.36992E-03,
 -4.40597E-04, -3.34512E-04, -2.21677E-04, -1.02182E-04,  2.37751E-05,  1.55854E-04,  2.93556E-04,  4.36192E-04,  5.82860E-04,  7.32417E-04,  8.83467E-04,  1.03434E-03,  1.18311E-03,  1.32760E-03,  1.46546E-03,  1.59424E-03,  1.71156E-03,  1.81524E-03,  1.90364E-03,  1.97591E-03,  2.03231E-03,  2.07456E-03,  2.10604E-03,  2.13177E-03,NA,NA,NA,NA,NA,NA,NA,NA,NA,NA,NA,NA,NA,NA,NA,NA,NA,NA,NA,NA,NA,NA,NA,NA,NA,NA,NA,NA,NA,NA,NA,NA,NA,NA,NA,NA,NA,NA,NA,NA,NA,NA,NA,NA,NA,NA,  2.22396E-02,  2.15758E-02,  2.08941E-02,  2.02083E-02,  1.95280E-02,  1.88594E-02,  1.82068E-02,  1.75724E-02,  1.69577E-02,  1.63634E-02,  1.57897E-02,  1.52363E-02,  1.47030E-02,  1.41893E-02,  1.36948E-02,  1.32189E-02,  1.27611E-02,  1.23209E-02,  1.18977E-02,  1.14910E-02,  1.11003E-02,  1.07251E-02,  1.03649E-02,  1.00190E-02,  9.68711E-03,  9.36861E-03,  9.06301E-03,  8.76983E-03,  8.48859E-03,
 -6.22263E-04, -5.20724E-04, -4.12568E-04, -2.97947E-04, -1.77150E-04, -5.06409E-05,  8.09098E-05,  2.16586E-04,  3.55183E-04,  4.95168E-04,  6.34637E-04,  7.71278E-04,  9.02355E-04,  1.02470E-03,  1.13474E-03,  1.22857E-03,  1.30209E-03,  1.35118E-03,  1.37202E-03,  1.36141E-03,  1.31722E-03,  1.23883E-03,  1.12755E-03,NA,NA,NA,NA,NA,NA,NA,NA,NA,NA,NA,NA,NA,NA,NA,NA,NA,NA,NA,NA,NA,NA,NA,NA,NA,NA,NA,NA,NA,NA,NA,NA,NA,NA,NA,NA,NA,NA,NA,NA,NA,NA,NA,NA,NA,NA,NA,  2.31035E-02,  2.23773E-02,  2.16388E-02,  2.09015E-02,  2.01743E-02,  1.94629E-02,  1.87709E-02,  1.81002E-02,  1.74518E-02,  1.68259E-02,  1.62224E-02,  1.56411E-02,  1.50814E-02,  1.45428E-02,  1.40248E-02,  1.35266E-02,  1.30479E-02,  1.25879E-02,  1.21461E-02,  1.17220E-02,  1.13149E-02,  1.09243E-02,  1.05497E-02,  1.01905E-02,  9.84606E-03,  9.51593E-03,  9.19953E-03,  8.89632E-03,  8.60576E-03,
 -8.09987E-04, -7.12935E-04, -6.09309E-04, -4.99303E-04, -3.83277E-04, -2.61796E-04, -1.35675E-04, -6.03362E-06,  1.25648E-04,  2.57464E-04,  3.87019E-04,  5.11363E-04,  6.26937E-04,  7.29532E-04,  8.14288E-04,  8.75725E-04,  9.07862E-04,  9.04407E-04,  8.59074E-04,  7.66023E-04,  6.20430E-04,  4.19155E-04,NA,NA,NA,NA,NA,NA,NA,NA,NA,NA,NA,NA,NA,NA,NA,NA,NA,NA,NA,NA,NA,NA,NA,NA,NA,NA,NA,NA,NA,NA,NA,NA,NA,NA,NA,NA,NA,NA,NA,NA,NA,NA,NA,NA,NA,NA,NA,NA,  2.39501E-02,  2.31655E-02,  2.23741E-02,  2.15889E-02,  2.08179E-02,  2.00663E-02,  1.93370E-02,  1.86315E-02,  1.79502E-02,  1.72934E-02,  1.66605E-02,  1.60512E-02,  1.54650E-02,  1.49011E-02,  1.43590E-02,  1.38380E-02,  1.33377E-02,  1.28573E-02,  1.23963E-02,  1.19542E-02,  1.15302E-02,  1.11238E-02,  1.07344E-02,  1.03613E-02,  1.00041E-02,  9.66208E-03,  9.33463E-03,  9.02118E-03,  8.72114E-03,
 -1.00411E-03, -9.11510E-04, -8.12281E-04, -7.06640E-04, -5.94990E-04, -4.77967E-04, -3.56502E-04, -2.31879E-04, -1.05823E-04,  1.94261E-05,  1.41009E-04,  2.55354E-04,  3.58083E-04,  4.43922E-04,  5.06654E-04,  5.39106E-04,  5.33227E-04,  4.80268E-04,  3.71124E-04,  1.96854E-04, -5.05755E-05,NA,NA,NA,NA,NA,NA,NA,NA,NA,NA,NA,NA,NA,NA,NA,NA,NA,NA,NA,NA,NA,NA,NA,NA,NA,NA,NA,NA,NA,NA,NA,NA,NA,NA,NA,NA,NA,NA,NA,NA,NA,NA,NA,NA,NA,NA,NA,NA,NA,NA,  2.39322E-02,  2.30944E-02,  2.22668E-02,  2.14566E-02,  2.06685E-02,  1.99046E-02,  1.91662E-02,  1.84535E-02,  1.77664E-02,  1.71045E-02,  1.64673E-02,  1.58541E-02,  1.52644E-02,  1.46977E-02,  1.41533E-02,  1.36307E-02,  1.31292E-02,  1.26484E-02,  1.21875E-02,  1.17460E-02,  1.13232E-02,  1.09186E-02,  1.05314E-02,  1.01610E-02,  9.80675E-03,  9.46800E-03,  9.14411E-03,  8.83444E-03,
 -1.20507E-03, -1.11693E-03, -1.02201E-03, -9.20524E-04, -8.12884E-04, -6.99767E-04, -5.82176E-04, -4.61522E-04, -3.39722E-04, -2.19308E-04, -1.03554E-04,  3.38580E-06,  9.63333E-05,  1.68946E-04,  2.13597E-04,  2.21304E-04,  1.81741E-04,  8.33779E-05, -8.61814E-05, -3.39610E-04,NA,NA,NA,NA,NA,NA,NA,NA,NA,NA,NA,NA,NA,NA,NA,NA,NA,NA,NA,NA,NA,NA,NA,NA,NA,NA,NA,NA,NA,NA,NA,NA,NA,NA,NA,NA,NA,NA,NA,NA,NA,NA,NA,NA,NA,NA,NA,NA,NA,NA,NA,  2.46720E-02,  2.37965E-02,  2.29336E-02,  2.20901E-02,  2.12698E-02,  2.04747E-02,  1.97057E-02,  1.89630E-02,  1.82464E-02,  1.75557E-02,  1.68902E-02,  1.62497E-02,  1.56336E-02,  1.50415E-02,  1.44728E-02,  1.39270E-02,  1.34037E-02,  1.29021E-02,  1.24219E-02,  1.19622E-02,  1.15225E-02,  1.11021E-02,  1.07003E-02,  1.03163E-02,  9.94959E-03,  9.59930E-03,  9.26477E-03,  8.94531E-03,
 -1.41340E-03, -1.32980E-03, -1.23918E-03, -1.14170E-03, -1.03778E-03, -9.28081E-04, -8.13636E-04, -6.95931E-04, -5.77019E-04, -4.59659E-04, -3.47478E-04, -2.45154E-04, -1.58616E-04, -9.52581E-05, -6.41388E-05, -7.61493E-05, -1.44099E-04, -2.82657E-04, -5.08072E-04, -8.37564E-04,NA,NA,NA,NA,NA,NA,NA,NA,NA,NA,NA,NA,NA,NA,NA,NA,NA,NA,NA,NA,NA,NA,NA,NA,NA,NA,NA,NA,NA,NA,NA,NA,NA,NA,NA,NA,NA,NA,NA,NA,NA,NA,NA,NA,NA,NA,NA,NA,NA,NA,NA,  2.53836E-02,  2.44805E-02,  2.35908E-02,  2.27204E-02,  2.18728E-02,  2.10499E-02,  2.02526E-02,  1.94811E-02,  1.87356E-02,  1.80159E-02,  1.73218E-02,  1.66532E-02,  1.60097E-02,  1.53911E-02,  1.47970E-02,  1.42271E-02,  1.36808E-02,  1.31577E-02,  1.26572E-02,  1.21786E-02,  1.17213E-02,  1.12846E-02,  1.08677E-02,  1.04698E-02,  1.00902E-02,  9.72816E-03,  9.38280E-03,  9.05340E-03,
 -1.62972E-03, -1.55084E-03, -1.46460E-03, -1.37112E-03, -1.27073E-03, -1.16408E-03, -1.05217E-03, -9.36500E-04, -8.19195E-04, -7.03164E-04, -5.92307E-04, -4.91740E-04, -4.08070E-04, -3.49685E-04, -3.27065E-04, -3.53073E-04, -4.43183E-04, -6.15570E-04, -8.90951E-04,NA,NA,NA,NA,NA,NA,NA,NA,NA,NA,NA,NA,NA,NA,NA,NA,NA,NA,NA,NA,NA,NA,NA,NA,NA,NA,NA,NA,NA,NA,NA,NA,NA,NA,NA,NA,NA,NA,NA,NA,NA,NA,NA,NA,NA,NA,NA,NA,NA,NA,NA,NA,  2.60704E-02,  2.51509E-02,  2.42431E-02,  2.33524E-02,  2.24824E-02,  2.16349E-02,  2.08111E-02,  2.00117E-02,  1.92372E-02,  1.84880E-02,  1.77643E-02,  1.70663E-02,  1.63940E-02,  1.57475E-02,  1.51267E-02,  1.45312E-02,  1.39608E-02,  1.34151E-02,  1.28933E-02,  1.23950E-02,  1.19194E-02,  1.14657E-02,  1.10332E-02,  1.06210E-02,  1.02283E-02,  9.85416E-03,  9.49779E-03,  9.15833E-03,
 -1.85474E-03, -1.78088E-03, -1.69925E-03, -1.60988E-03, -1.51302E-03, -1.40922E-03, -1.29942E-03, -1.18506E-03, -1.06827E-03, -9.52024E-04, -8.40386E-04, -7.38810E-04, -6.54471E-04, -5.96656E-04, -5.77205E-04, -6.10958E-04, -7.16183E-04, -9.14876E-04, -1.23284E-03,NA,NA,NA,NA,NA,NA,NA,NA,NA,NA,NA,NA,NA,NA,NA,NA,NA,NA,NA,NA,NA,NA,NA,NA,NA,NA,NA,NA,NA,NA,NA,NA,NA,NA,NA,NA,NA,NA,NA,NA,NA,NA,NA,NA,NA,NA,NA,NA,NA,NA,NA,  2.76650E-02,  2.67415E-02,  2.58167E-02,  2.48993E-02,  2.39946E-02,  2.31062E-02,  2.22365E-02,  2.13873E-02,  2.05599E-02,  1.97557E-02,  1.89756E-02,  1.82206E-02,  1.74913E-02,  1.67883E-02,  1.61121E-02,  1.54626E-02,  1.48400E-02,  1.42440E-02,  1.36742E-02,  1.31301E-02,  1.26111E-02,  1.21164E-02,  1.16451E-02,  1.11965E-02,  1.07695E-02,  1.03633E-02,  9.97687E-03,  9.60930E-03,  9.25966E-03,
 -2.08925E-03, -2.02085E-03, -1.94421E-03, -1.85926E-03, -1.76612E-03, -1.66522E-03, -1.55736E-03, -1.44388E-03, -1.32682E-03, -1.20911E-03, -1.09489E-03, -9.89824E-04, -9.01502E-04, -8.39978E-04, -8.18326E-04, -8.53296E-04, -9.65977E-04, -1.18241E-03,NA,NA,NA,NA,NA,NA,NA,NA,NA,NA,NA,NA,NA,NA,NA,NA,NA,NA,NA,NA,NA,NA,NA,NA,NA,NA,NA,NA,NA,NA,NA,NA,NA,NA,NA,NA,NA,NA,NA,NA,NA,NA,NA,NA,NA,NA,NA,NA,NA,NA,NA,NA,  2.83242E-02,  2.74118E-02,  2.64919E-02,  2.55723E-02,  2.46586E-02,  2.37548E-02,  2.28640E-02,  2.19891E-02,  2.11325E-02,  2.02965E-02,  1.94831E-02,  1.86941E-02,  1.79308E-02,  1.71945E-02,  1.64860E-02,  1.58057E-02,  1.51539E-02,  1.45305E-02,  1.39351E-02,  1.33674E-02,  1.28265E-02,  1.23118E-02,  1.18222E-02,  1.13569E-02,  1.09147E-02,  1.04947E-02,  1.00958E-02,  9.71686E-03,  9.35696E-03,
 -2.33406E-03, -2.27173E-03, -2.20067E-03, -2.12067E-03, -2.03171E-03, -1.93403E-03, -1.82828E-03, -1.71562E-03, -1.59790E-03, -1.47795E-03, -1.35984E-03, -1.24928E-03, -1.15414E-03, -1.08505E-03, -1.05612E-03, -1.08586E-03, -1.19808E-03,NA,NA,NA,NA,NA,NA,NA,NA,NA,NA,NA,NA,NA,NA,NA,NA,NA,NA,NA,NA,NA,NA,NA,NA,NA,NA,NA,NA,NA,NA,NA,NA,NA,NA,NA,NA,NA,NA,NA,NA,NA,NA,NA,NA,NA,NA,NA,NA,NA,NA,NA,NA,NA,  2.89917E-02,  2.81020E-02,  2.71955E-02,  2.62796E-02,  2.53600E-02,  2.44417E-02,  2.35291E-02,  2.26265E-02,  2.17376E-02,  2.08663E-02,  2.00158E-02,  1.91889E-02,  1.83879E-02,  1.76147E-02,  1.68707E-02,  1.61567E-02,  1.54732E-02,  1.48203E-02,  1.41976E-02,  1.36048E-02,  1.30409E-02,  1.25052E-02,  1.19965E-02,  1.15139E-02,  1.10561E-02,  1.06220E-02,  1.02103E-02,  9.81993E-03,  9.44970E-03,
 -2.59005E-03, -2.53458E-03, -2.46990E-03, -2.39563E-03, -2.31159E-03, -2.21782E-03, -2.11474E-03, -2.00328E-03, -1.88506E-03, -1.76266E-03, -1.63999E-03, -1.52266E-03, -1.41863E-03, -1.33886E-03, -1.29829E-03, -1.31688E-03, -1.42097E-03,NA,NA,NA,NA,NA,NA,NA,NA,NA,NA,NA,NA,NA,NA,NA,NA,NA,NA,NA,NA,NA,NA,NA,NA,NA,NA,NA,NA,NA,NA,NA,NA,NA,NA,NA,NA,NA,NA,NA,NA,NA,NA,NA,NA,NA,NA,NA,NA,NA,NA,NA,NA,  3.05160E-02,  2.96957E-02,  2.88383E-02,  2.79517E-02,  2.70429E-02,  2.61181E-02,  2.51838E-02,  2.42461E-02,  2.33112E-02,  2.23849E-02,  2.14727E-02,  2.05794E-02,  1.97092E-02,  1.88656E-02,  1.80510E-02,  1.72676E-02,  1.65164E-02,  1.57983E-02,  1.51134E-02,  1.44614E-02,  1.38417E-02,  1.32535E-02,  1.26958E-02,  1.21673E-02,  1.16668E-02,  1.11929E-02,  1.07444E-02,  1.03198E-02,  9.91793E-03,  9.53737E-03,
 -2.85806E-03, -2.81044E-03, -2.75316E-03, -2.68570E-03, -2.60765E-03, -2.51886E-03, -2.41946E-03, -2.31012E-03, -2.19216E-03, -2.06784E-03, -1.94076E-03, -1.81631E-03, -1.70232E-03, -1.60989E-03, -1.55443E-03, -1.55705E-03,NA,NA,NA,NA,NA,NA,NA,NA,NA,NA,NA,NA,NA,NA,NA,NA,NA,NA,NA,NA,NA,NA,NA,NA,NA,NA,NA,NA,NA,NA,NA,NA,NA,NA,NA,NA,NA,NA,NA,NA,NA,NA,NA,NA,NA,NA,NA,NA,NA,NA,NA,NA,NA,  3.12364E-02,  3.04704E-02,  2.96528E-02,  2.87899E-02,  2.78885E-02,  2.69561E-02,  2.60009E-02,  2.50316E-02,  2.40569E-02,  2.30851E-02,  2.21240E-02,  2.11803E-02,  2.02598E-02,  1.93670E-02,  1.85054E-02,  1.76777E-02,  1.68853E-02,  1.61291E-02,  1.54094E-02,  1.47257E-02,  1.40775E-02,  1.34636E-02,  1.28828E-02,  1.23336E-02,  1.18147E-02,  1.13244E-02,  1.08613E-02,  1.04237E-02,  1.00102E-02,  9.61935E-03,
 -3.13892E-03, -3.10034E-03, -3.05175E-03, -2.99244E-03, -2.92182E-03, -2.83947E-03, -2.74527E-03, -2.63956E-03, -2.52330E-03, -2.39839E-03, -2.26802E-03, -2.13721E-03, -2.01348E-03, -1.90780E-03, -1.83578E-03, -1.81923E-03,NA,NA,NA,NA,NA,NA,NA,NA,NA,NA,NA,NA,NA,NA,NA,NA,NA,NA,NA,NA,NA,NA,NA,NA,NA,NA,NA,NA,NA,NA,NA,NA,NA,NA,NA,NA,NA,NA,NA,NA,NA,NA,NA,NA,NA,NA,NA,NA,NA,NA,NA,NA,  3.26868E-02,  3.20573E-02,  3.13556E-02,  3.05833E-02,  2.97451E-02,  2.88480E-02,  2.79013E-02,  2.69163E-02,  2.59048E-02,  2.48789E-02,  2.38503E-02,  2.28293E-02,  2.18250E-02,  2.08450E-02,  1.98950E-02,  1.89796E-02,  1.81017E-02,  1.72633E-02,  1.64652E-02,  1.57075E-02,  1.49898E-02,  1.43111E-02,  1.36700E-02,  1.30651E-02,  1.24945E-02,  1.19567E-02,  1.14497E-02,  1.09717E-02,  1.05211E-02,  1.00961E-02,  9.69502E-03,
 -3.43339E-03, -3.40526E-03, -3.36688E-03, -3.31737E-03, -3.25594E-03, -3.18194E-03, -3.09497E-03, -2.99501E-03, -2.88265E-03, -2.75936E-03, -2.62785E-03, -2.49266E-03, -2.36086E-03, -2.24305E-03, -2.15469E-03, -2.11787E-03,NA,NA,NA,NA,NA,NA,NA,NA,NA,NA,NA,NA,NA,NA,NA,NA,NA,NA,NA,NA,NA,NA,NA,NA,NA,NA,NA,NA,NA,NA,NA,NA,NA,NA,NA,NA,NA,NA,NA,NA,NA,NA,NA,NA,NA,NA,NA,NA,NA,NA,NA,NA,  3.35600E-02,  3.30256E-02,  3.23980E-02,  3.16746E-02,  3.08586E-02,  2.99581E-02,  2.89857E-02,  2.79566E-02,  2.68872E-02,  2.57942E-02,  2.46931E-02,  2.35978E-02,  2.25199E-02,  2.14689E-02,  2.04521E-02,  1.94746E-02,  1.85399E-02,  1.76499E-02,  1.68056E-02,  1.60066E-02,  1.52523E-02,  1.45411E-02,  1.38715E-02,  1.32414E-02,  1.26488E-02,  1.20916E-02,  1.15676E-02,  1.10748E-02,  1.06111E-02,  1.01747E-02,  9.76369E-03,
 -3.74213E-03, -3.72604E-03, -3.69963E-03, -3.66187E-03, -3.61177E-03, -3.54846E-03, -3.47124E-03, -3.37977E-03, -3.27425E-03, -3.15567E-03, -3.02626E-03, -2.88998E-03, -2.75331E-03, -2.62629E-03, -2.52394E-03,NA,NA,NA,NA,NA,NA,NA,NA,NA,NA,NA,NA,NA,NA,NA,NA,NA,NA,NA,NA,NA,NA,NA,NA,NA,NA,NA,NA,NA,NA,NA,NA,NA,NA,NA,NA,NA,NA,NA,NA,NA,NA,NA,NA,NA,NA,NA,NA,NA,NA,NA,NA,NA,NA,NA,NA,NA,NA,  3.12624E-02,  3.02462E-02,  2.91521E-02,  2.80028E-02,  2.68207E-02,  2.56266E-02,  2.44383E-02,  2.32705E-02,  2.21347E-02,  2.10393E-02,  1.99903E-02,  1.89912E-02,  1.80438E-02,  1.71486E-02,  1.63048E-02,  1.55112E-02,  1.47657E-02,  1.40662E-02,  1.34101E-02,  1.27949E-02,  1.22180E-02,  1.16770E-02,  1.11694E-02,  1.06930E-02,  1.02454E-02,  9.82465E-03,
 -4.06567E-03, -4.06341E-03, -4.05095E-03, -4.02715E-03, -3.99084E-03, -3.94094E-03, -3.87650E-03, -3.79687E-03, -3.70183E-03, -3.59196E-03, -3.46892E-03, -3.33609E-03, -3.19926E-03, -3.06776E-03, -2.95589E-03,NA,NA,NA,NA,NA,NA,NA,NA,NA,NA,NA,NA,NA,NA,NA,NA,NA,NA,NA,NA,NA,NA,NA,NA,NA,NA,NA,NA,NA,NA,NA,NA,NA,NA,NA,NA,NA,NA,NA,NA,NA,NA,NA,NA,NA,NA,NA,NA,NA,NA,NA,NA,NA,NA,NA,NA,NA,NA,NA,NA,NA,  2.92770E-02,  2.79769E-02,  2.66633E-02,  2.53587E-02,  2.40811E-02,  2.28439E-02,  2.16568E-02,  2.05256E-02,  1.94537E-02,  1.84425E-02,  1.74916E-02,  1.65996E-02,  1.57642E-02,  1.49827E-02,  1.42521E-02,  1.35693E-02,  1.29312E-02,  1.23346E-02,  1.17767E-02,  1.12545E-02,  1.07655E-02,  1.03071E-02,  9.87713E-03,
 -4.40438E-03, -4.41787E-03, -4.42155E-03, -4.41417E-03, -4.39442E-03, -4.36103E-03, -4.31285E-03, -4.24891E-03, -4.16868E-03, -4.07228E-03, -3.96086E-03, -3.83716E-03, -3.70627E-03, -3.57666E-03, -3.46172E-03,NA,NA,NA,NA,NA,NA,NA,NA,NA,NA,NA,NA,NA,NA,NA,NA,NA,NA,NA,NA,NA,NA,NA,NA,NA,NA,NA,NA,NA,NA,NA,NA,NA,NA,NA,NA,NA,NA,NA,NA,NA,NA,NA,NA,NA,NA,NA,NA,NA,NA,NA,NA,NA,NA,NA,NA,NA,NA,NA,NA,NA,NA,  2.92806E-02,  2.78140E-02,  2.63646E-02,  2.49536E-02,  2.35961E-02,  2.23021E-02,  2.10771E-02,  1.99239E-02,  1.88424E-02,  1.78311E-02,  1.68875E-02,  1.60081E-02,  1.51891E-02,  1.44267E-02,  1.37169E-02,  1.30558E-02,  1.24397E-02,  1.18651E-02,  1.13288E-02,  1.08278E-02,  1.03591E-02,  9.92034E-03,
 -4.75840E-03, -4.78973E-03, -4.81190E-03, -4.82360E-03, -4.82342E-03, -4.80997E-03, -4.78189E-03, -4.73800E-03, -4.67744E-03, -4.59996E-03, -4.50621E-03, -4.39833E-03, -4.28064E-03, -4.16070E-03, -4.05074E-03,NA,NA,NA,NA,NA,NA,NA,NA,NA,NA,NA,NA,NA,NA,NA,NA,NA,NA,NA,NA,NA,NA,NA,NA,NA,NA,NA,NA,NA,NA,NA,NA,NA,NA,NA,NA,NA,NA,NA,NA,NA,NA,NA,NA,NA,NA,NA,NA,NA,NA,NA,NA,NA,NA,NA,NA,NA,NA,NA,NA,NA,NA,NA,NA,  2.74583E-02,  2.58866E-02,  2.43875E-02,  2.29703E-02,  2.16396E-02,  2.03961E-02,  1.92381E-02,  1.81623E-02,  1.71642E-02,  1.62391E-02,  1.53818E-02,  1.45871E-02,  1.38503E-02,  1.31665E-02,  1.25313E-02,  1.19407E-02,  1.13910E-02,  1.08786E-02,  1.04004E-02,  9.95349E-03,
 -5.12769E-03, -5.17903E-03, -5.22217E-03, -5.25578E-03, -5.27839E-03, -5.28853E-03, -5.28472E-03, -5.26559E-03, -5.23004E-03, -5.17748E-03, -5.10811E-03, -5.02350E-03, -4.92718E-03, -4.82571E-03, -4.73001E-03,NA,NA,NA,NA,NA,NA,NA,NA,NA,NA,NA,NA,NA,NA,NA,NA,NA,NA,NA,NA,NA,NA,NA,NA,NA,NA,NA,NA,NA,NA,NA,NA,NA,NA,NA,NA,NA,NA,NA,NA,NA,NA,NA,NA,NA,NA,NA,NA,NA,NA,NA,NA,NA,NA,NA,NA,NA,NA,NA,NA,NA,NA,NA,NA,NA,  2.68736E-02,  2.52100E-02,  2.36531E-02,  2.22047E-02,  2.08628E-02,  1.96228E-02,  1.84789E-02,  1.74245E-02,  1.64527E-02,  1.55567E-02,  1.47301E-02,  1.39668E-02,  1.32610E-02,  1.26077E-02,  1.20020E-02,  1.14397E-02,  1.09168E-02,  1.04299E-02,  9.97580E-03,
 -5.51194E-03, -5.58552E-03, -5.65220E-03, -5.71065E-03, -5.75942E-03, -5.79700E-03, -5.82184E-03, -5.83247E-03, -5.82760E-03, -5.80635E-03, -5.76856E-03, -5.71521E-03, -5.64909E-03, -5.57565E-03, -5.50431E-03, -5.45012E-03,NA,NA,NA,NA,NA,NA,NA,NA,NA,NA,NA,NA,NA,NA,NA,NA,NA,NA,NA,NA,NA,NA,NA,NA,NA,NA,NA,NA,NA,NA,NA,NA,NA,NA,NA,NA,NA,NA,NA,NA,NA,NA,NA,NA,NA,NA,NA,NA,NA,NA,NA,NA,NA,NA,NA,NA,NA,NA,NA,NA,NA,NA,NA,NA,NA,  2.60503E-02,  2.43377E-02,  2.27609E-02,  2.13138E-02,  1.99878E-02,  1.87737E-02,  1.76621E-02,  1.66436E-02,  1.57096E-02,  1.48520E-02,  1.40634E-02,  1.33369E-02,  1.26667E-02,  1.20472E-02,  1.14735E-02,  1.09414E-02,  1.04468E-02,  9.98648E-03,
 -5.91058E-03, -6.00867E-03, -6.10149E-03, -6.18778E-03, -6.26615E-03, -6.33512E-03, -6.39314E-03, -6.43869E-03, -6.47038E-03, -6.48713E-03, -6.48842E-03, -6.47473E-03, -6.44805E-03, -6.41267E-03, -6.37633E-03, -6.35163E-03,NA,NA,NA,NA,NA,NA,NA,NA,NA,NA,NA,NA,NA,NA,NA,NA,NA,NA,NA,NA,NA,NA,NA,NA,NA,NA,NA,NA,NA,NA,NA,NA,NA,NA,NA,NA,NA,NA,NA,NA,NA,NA,NA,NA,NA,NA,NA,NA,NA,NA,NA,NA,NA,NA,NA,NA,NA,NA,NA,NA,NA,NA,NA,NA,NA,NA,  2.50066E-02,  2.32933E-02,  2.17364E-02,  2.03224E-02,  1.90379E-02,  1.78698E-02,  1.68061E-02,  1.58358E-02,  1.49490E-02,  1.41370E-02,  1.33917E-02,  1.27063E-02,  1.20746E-02,  1.14911E-02,  1.09511E-02,  1.04503E-02,  9.98483E-03,
 -6.32280E-03, -6.44763E-03, -6.56918E-03, -6.68631E-03, -6.79773E-03, -6.90207E-03, -6.99785E-03, -7.08358E-03, -7.15784E-03, -7.21940E-03, -7.26748E-03, -7.30207E-03, -7.32436E-03, -7.33744E-03, -7.34717E-03, -7.36338E-03,NA,NA,NA,NA,NA,NA,NA,NA,NA,NA,NA,NA,NA,NA,NA,NA,NA,NA,NA,NA,NA,NA,NA,NA,NA,NA,NA,NA,NA,NA,NA,NA,NA,NA,NA,NA,NA,NA,NA,NA,NA,NA,NA,NA,NA,NA,NA,NA,NA,NA,NA,NA,NA,NA,NA,NA,NA,NA,NA,NA,NA,NA,NA,NA,NA,NA,  2.56371E-02,  2.37830E-02,  2.21155E-02,  2.06146E-02,  1.92617E-02,  1.80398E-02,  1.69338E-02,  1.59302E-02,  1.50172E-02,  1.41844E-02,  1.34228E-02,  1.27246E-02,  1.20828E-02,  1.14913E-02,  1.09451E-02,  1.04394E-02,  9.97019E-03,
 -6.74747E-03, -6.90123E-03, -7.05404E-03, -7.20494E-03, -7.35282E-03, -7.49647E-03, -7.63457E-03, -7.76573E-03, -7.88857E-03, -8.00182E-03, -8.10450E-03, -8.19614E-03, -8.27719E-03, -8.34945E-03, -8.41679E-03, -8.48602E-03, -8.56800E-03,NA,NA,NA,NA,NA,NA,NA,NA,NA,NA,NA,NA,NA,NA,NA,NA,NA,NA,NA,NA,NA,NA,NA,NA,NA,NA,NA,NA,NA,NA,NA,NA,NA,NA,NA,NA,NA,NA,NA,NA,NA,NA,NA,NA,NA,NA,NA,NA,NA,NA,NA,NA,NA,NA,NA,NA,NA,NA,NA,NA,NA,NA,NA,NA,NA,NA,  2.42084E-02,  2.24339E-02,  2.08508E-02,  1.94346E-02,  1.81640E-02,  1.70205E-02,  1.59879E-02,  1.50526E-02,  1.42027E-02,  1.34280E-02,  1.27196E-02,  1.20701E-02,  1.14729E-02,  1.09224E-02,  1.04135E-02,  9.94202E-03,
 -7.18323E-03, -7.36798E-03, -7.55447E-03, -7.74196E-03, -7.92960E-03, -8.11640E-03, -8.30127E-03, -8.48302E-03, -8.66040E-03, -8.83219E-03, -8.99729E-03, -9.15489E-03, -9.30469E-03, -9.44726E-03, -9.58445E-03, -9.71991E-03, -9.85978E-03,NA,NA,NA,NA,NA,NA,NA,NA,NA,NA,NA,NA,NA,NA,NA,NA,NA,NA,NA,NA,NA,NA,NA,NA,NA,NA,NA,NA,NA,NA,NA,NA,NA,NA,NA,NA,NA,NA,NA,NA,NA,NA,NA,NA,NA,NA,NA,NA,NA,NA,NA,NA,NA,NA,NA,NA,NA,NA,NA,NA,NA,NA,NA,NA,NA,NA,  2.45451E-02,  2.26732E-02,  2.10170E-02,  1.95460E-02,  1.82343E-02,  1.70598E-02,  1.60042E-02,  1.50517E-02,  1.41890E-02,  1.34049E-02,  1.26898E-02,  1.20355E-02,  1.14350E-02,  1.08822E-02,  1.03720E-02,  9.89991E-03,
 -7.62841E-03, -7.84608E-03, -8.06852E-03, -8.29526E-03, -8.52577E-03, -8.75937E-03, -8.99528E-03, -9.23261E-03, -9.47035E-03, -9.70744E-03, -9.94277E-03, -1.01753E-02, -1.04041E-02, -1.06287E-02, -1.08489E-02, -1.10653E-02, -1.12793E-02, -1.14935E-02,NA,NA,NA,NA,NA,NA,NA,NA,NA,NA,NA,NA,NA,NA,NA,NA,NA,NA,NA,NA,NA,NA,NA,NA,NA,NA,NA,NA,NA,NA,NA,NA,NA,NA,NA,NA,NA,NA,NA,NA,NA,NA,NA,NA,NA,NA,NA,NA,NA,NA,NA,NA,NA,NA,NA,NA,NA,NA,NA,NA,NA,NA,NA,NA,NA,NA,  2.28148E-02,  2.10996E-02,  1.95857E-02,  1.82429E-02,  1.70463E-02,  1.59748E-02,  1.50112E-02,  1.41410E-02,  1.33519E-02,  1.26338E-02,  1.19778E-02,  1.13767E-02,  1.08241E-02,  1.03146E-02,  9.84357E-03,
 -8.08112E-03, -8.33344E-03, -8.59386E-03, -8.86229E-03, -9.13854E-03, -9.42234E-03, -9.71333E-03, -1.00110E-02, -1.03147E-02, -1.06236E-02, -1.09369E-02, -1.12534E-02, -1.15719E-02, -1.18908E-02, -1.22083E-02, -1.25222E-02, -1.28296E-02, -1.31266E-02,NA,NA,NA,NA,NA,NA,NA,NA,NA,NA,NA,NA,NA,NA,NA,NA,NA,NA,NA,NA,NA,NA,NA,NA,NA,NA,NA,NA,NA,NA,NA,NA,NA,NA,NA,NA,NA,NA,NA,NA,NA,NA,NA,NA,NA,NA,NA,NA,NA,NA,NA,NA,NA,NA,NA,NA,NA,NA,NA,NA,NA,NA,NA,NA,NA,NA,  2.28415E-02,  2.10860E-02,  1.95446E-02,  1.81836E-02,  1.69750E-02,  1.58963E-02,  1.49288E-02,  1.40569E-02,  1.32678E-02,  1.25507E-02,  1.18966E-02,  1.12978E-02,  1.07478E-02,  1.02411E-02,  9.77294E-03,
 -8.53921E-03, -8.82767E-03, -9.12787E-03, -9.44012E-03, -9.76469E-03, -1.01018E-02, -1.04515E-02, -1.08139E-02, -1.11888E-02, -1.15760E-02, -1.19748E-02, -1.23844E-02, -1.28033E-02, -1.32294E-02, -1.36598E-02, -1.40900E-02, -1.45133E-02, -1.49204E-02, -1.52973E-02,NA,NA,NA,NA,NA,NA,NA,NA,NA,NA,NA,NA,NA,NA,NA,NA,NA,NA,NA,NA,NA,NA,NA,NA,NA,NA,NA,NA,NA,NA,NA,NA,NA,NA,NA,NA,NA,NA,NA,NA,NA,NA,NA,NA,NA,NA,NA,NA,NA,NA,NA,NA,NA,NA,NA,NA,NA,NA,NA,NA,NA,NA,NA,NA,NA,  2.27391E-02,  2.09664E-02,  1.94161E-02,  1.80514E-02,  1.68429E-02,  1.57665E-02,  1.48028E-02,  1.39357E-02,  1.31518E-02,  1.24401E-02,  1.17915E-02,  1.11981E-02,  1.06533E-02,  1.01516E-02,  9.68810E-03,
 -9.00030E-03, -9.32612E-03, -9.66759E-03, -1.00255E-02, -1.04006E-02, -1.07936E-02, -1.12054E-02, -1.16365E-02, -1.20875E-02, -1.25588E-02, -1.30504E-02, -1.35619E-02, -1.40922E-02, -1.46391E-02, -1.51991E-02, -1.57663E-02, -1.63315E-02, -1.68810E-02, -1.73946E-02,NA,NA,NA,NA,NA,NA,NA,NA,NA,NA,NA,NA,NA,NA,NA,NA,NA,NA,NA,NA,NA,NA,NA,NA,NA,NA,NA,NA,NA,NA,NA,NA,NA,NA,NA,NA,NA,NA,NA,NA,NA,NA,NA,NA,NA,NA,NA,NA,NA,NA,NA,NA,NA,NA,NA,NA,NA,NA,NA,NA,NA,NA,NA,NA,NA,  2.24984E-02,  2.07349E-02,  1.91960E-02,  1.78439E-02,  1.66482E-02,  1.55845E-02,  1.46329E-02,  1.37772E-02,  1.30040E-02,  1.23023E-02,  1.16628E-02,  1.10779E-02,  1.05409E-02,  1.00463E-02,  9.58936E-03,
 -9.46183E-03, -9.82590E-03, -1.02098E-02, -1.06147E-02, -1.10421E-02, -1.14933E-02, -1.19698E-02, -1.24731E-02, -1.30045E-02, -1.35653E-02, -1.41564E-02, -1.47784E-02, -1.54310E-02, -1.61125E-02, -1.68197E-02, -1.75463E-02, -1.82821E-02, -1.90110E-02, -1.97086E-02, -2.03391E-02,NA,NA,NA,NA,NA,NA,NA,NA,NA,NA,NA,NA,NA,NA,NA,NA,NA,NA,NA,NA,NA,NA,NA,NA,NA,NA,NA,NA,NA,NA,NA,NA,NA,NA,NA,NA,NA,NA,NA,NA,NA,NA,NA,NA,NA,NA,NA,NA,NA,NA,NA,NA,NA,NA,NA,NA,NA,NA,NA,NA,NA,NA,NA,NA,NA,  2.03897E-02,  1.88840E-02,  1.75612E-02,  1.63916E-02,  1.53510E-02,  1.44198E-02,  1.35823E-02,  1.28253E-02,  1.21380E-02,  1.15113E-02,  1.09379E-02,  1.04111E-02,  9.92581E-03,  9.47724E-03,
 -9.92104E-03, -1.03239E-02, -1.07509E-02, -1.12039E-02, -1.16848E-02, -1.21958E-02, -1.27392E-02, -1.33174E-02, -1.39328E-02, -1.45877E-02, -1.52845E-02, -1.60249E-02, -1.68099E-02, -1.76395E-02, -1.85116E-02, -1.94210E-02, -2.03582E-02, -2.13070E-02, -2.22419E-02,NA,NA,NA,NA,NA,NA,NA,NA,NA,NA,NA,NA,NA,NA,NA,NA,NA,NA,NA,NA,NA,NA,NA,NA,NA,NA,NA,NA,NA,NA,NA,NA,NA,NA,NA,NA,NA,NA,NA,NA,NA,NA,NA,NA,NA,NA,NA,NA,NA,NA,NA,NA,NA,NA,NA,NA,NA,NA,NA,NA,NA,NA,NA,NA,NA,NA,  1.99348E-02,  1.84834E-02,  1.72065E-02,  1.60757E-02,  1.50683E-02,  1.41657E-02,  1.33528E-02,  1.26172E-02,  1.19485E-02,  1.13382E-02,  1.07791E-02,  1.02651E-02,  9.79101E-03,  9.35247E-03,
 -1.03751E-02, -1.08169E-02, -1.12873E-02, -1.17888E-02, -1.23239E-02, -1.28958E-02, -1.35075E-02, -1.41625E-02, -1.48645E-02, -1.56173E-02, -1.64247E-02, -1.72902E-02, -1.82170E-02, -1.92073E-02, -2.02614E-02, -2.13768E-02, -2.25467E-02, -2.37576E-02,NA,NA,NA,NA,NA,NA,NA,NA,NA,NA,NA,NA,NA,NA,NA,NA,NA,NA,NA,NA,NA,NA,NA,NA,NA,NA,NA,NA,NA,NA,NA,NA,NA,NA,NA,NA,NA,NA,NA,NA,NA,NA,NA,NA,NA,NA,NA,NA,NA,NA,NA,NA,NA,NA,NA,NA,NA,NA,NA,NA,NA,NA,NA,NA,NA,NA,NA,  1.93792E-02,  1.80015E-02,  1.67855E-02,  1.57055E-02,  1.47405E-02,  1.38739E-02,  1.30915E-02,  1.23821E-02,  1.17359E-02,  1.11452E-02,  1.06030E-02,  1.01039E-02,  9.64294E-03,  9.21596E-03,
 -1.08209E-02, -1.13015E-02, -1.18152E-02, -1.23650E-02, -1.29545E-02, -1.35874E-02, -1.42680E-02, -1.50008E-02, -1.57911E-02, -1.66441E-02, -1.75656E-02, -1.85616E-02, -1.96378E-02, -2.07995E-02, -2.20508E-02, -2.33937E-02, -2.48264E-02,NA,NA,NA,NA,NA,NA,NA,NA,NA,NA,NA,NA,NA,NA,NA,NA,NA,NA,NA,NA,NA,NA,NA,NA,NA,NA,NA,NA,NA,NA,NA,NA,NA,NA,NA,NA,NA,NA,NA,NA,NA,NA,NA,NA,NA,NA,NA,NA,NA,NA,NA,NA,NA,NA,NA,NA,NA,NA,NA,NA,NA,NA,NA,NA,NA,NA,NA,NA,  1.87365E-02,  1.74492E-02,  1.63069E-02,  1.52876E-02,  1.43732E-02,  1.35488E-02,  1.28021E-02,  1.21230E-02,  1.15028E-02,  1.09343E-02,  1.04115E-02,  9.92915E-03,  9.48286E-03,  9.06881E-03,
 -1.12556E-02, -1.17743E-02, -1.23305E-02, -1.29281E-02, -1.35712E-02, -1.42646E-02, -1.50137E-02, -1.58243E-02, -1.67030E-02, -1.76572E-02, -1.86948E-02, -1.98244E-02, -2.10552E-02, -2.23964E-02, -2.38572E-02, -2.54456E-02, -2.71673E-02,NA,NA,NA,NA,NA,NA,NA,NA,NA,NA,NA,NA,NA,NA,NA,NA,NA,NA,NA,NA,NA,NA,NA,NA,NA,NA,NA,NA,NA,NA,NA,NA,NA,NA,NA,NA,NA,NA,NA,NA,NA,NA,NA,NA,NA,NA,NA,NA,NA,NA,NA,NA,NA,NA,NA,NA,NA,NA,NA,NA,NA,NA,NA,NA,NA,NA,NA,  1.93565E-02,  1.80246E-02,  1.68401E-02,  1.57814E-02,  1.48307E-02,  1.39730E-02,  1.31960E-02,  1.24891E-02,  1.18435E-02,  1.12520E-02,  1.07081E-02,  1.02065E-02,  9.74252E-03,  9.31226E-03,  8.91225E-03,
 -1.16761E-02, -1.22317E-02, -1.28293E-02, -1.34733E-02, -1.41688E-02, -1.49213E-02, -1.57375E-02, -1.66245E-02, -1.75906E-02, -1.86451E-02, -1.97984E-02, -2.10623E-02, -2.24497E-02, -2.39748E-02, -2.56528E-02, -2.74994E-02,NA,NA,NA,NA,NA,NA,NA,NA,NA,NA,NA,NA,NA,NA,NA,NA,NA,NA,NA,NA,NA,NA,NA,NA,NA,NA,NA,NA,NA,NA,NA,NA,NA,NA,NA,NA,NA,NA,NA,NA,NA,NA,NA,NA,NA,NA,NA,NA,NA,NA,NA,NA,NA,NA,NA,NA,NA,NA,NA,NA,NA,NA,NA,NA,NA,NA,NA,NA,  1.84585E-02,  1.72637E-02,  1.61898E-02,  1.52212E-02,  1.43443E-02,  1.35477E-02,  1.28215E-02,  1.21573E-02,  1.15478E-02,  1.09870E-02,  1.04693E-02,  9.99031E-03,  9.54594E-03,  9.13274E-03,  8.74766E-03,
 -1.20794E-02, -1.26704E-02, -1.33076E-02, -1.39962E-02, -1.47418E-02, -1.55513E-02, -1.64320E-02, -1.73928E-02, -1.84435E-02, -1.95955E-02, -2.08619E-02, -2.22577E-02, -2.38002E-02, -2.55088E-02, -2.74057E-02, -2.95158E-02,NA,NA,NA,NA,NA,NA,NA,NA,NA,NA,NA,NA,NA,NA,NA,NA,NA,NA,NA,NA,NA,NA,NA,NA,NA,NA,NA,NA,NA,NA,NA,NA,NA,NA,NA,NA,NA,NA,NA,NA,NA,NA,NA,NA,NA,NA,NA,NA,NA,NA,NA,NA,NA,NA,NA,NA,NA,NA,NA,NA,NA,NA,NA,NA,NA,NA,NA,NA,  1.75298E-02,  1.64754E-02,  1.55152E-02,  1.46394E-02,  1.38389E-02,  1.31055E-02,  1.24321E-02,  1.18122E-02,  1.12402E-02,  1.07112E-02,  1.02209E-02,  9.76542E-03,  9.34144E-03,  8.94599E-03,  8.57647E-03,
 -1.24626E-02, -1.30870E-02, -1.37616E-02, -1.44922E-02, -1.52853E-02, -1.61484E-02, -1.70902E-02, -1.81207E-02, -1.92515E-02, -2.04961E-02, -2.18703E-02, -2.33924E-02, -2.50840E-02, -2.69703E-02, -2.90810E-02,NA,NA,NA,NA,NA,NA,NA,NA,NA,NA,NA,NA,NA,NA,NA,NA,NA,NA,NA,NA,NA,NA,NA,NA,NA,NA,NA,NA,NA,NA,NA,NA,NA,NA,NA,NA,NA,NA,NA,NA,NA,NA,NA,NA,NA,NA,NA,NA,NA,NA,NA,NA,NA,NA,NA,NA,NA,NA,NA,NA,NA,NA,NA,NA,NA,NA,NA,NA,NA,  1.65978E-02,  1.56808E-02,  1.48328E-02,  1.40491E-02,  1.33247E-02,  1.26547E-02,  1.20343E-02,  1.14591E-02,  1.09250E-02,  1.04284E-02,  9.96582E-03,  9.53429E-03,  9.13109E-03,  8.75377E-03,  8.40014E-03,
 -1.28231E-02, -1.34785E-02, -1.41877E-02, -1.49572E-02, -1.57941E-02, -1.67068E-02, -1.77050E-02, -1.87999E-02, -2.00048E-02, -2.13350E-02, -2.28089E-02, -2.44481E-02, -2.62784E-02, -2.83306E-02, -3.06419E-02,NA,NA,NA,NA,NA,NA,NA,NA,NA,NA,NA,NA,NA,NA,NA,NA,NA,NA,NA,NA,NA,NA,NA,NA,NA,NA,NA,NA,NA,NA,NA,NA,NA,NA,NA,NA,NA,NA,NA,NA,NA,NA,NA,NA,NA,NA,NA,NA,NA,NA,NA,NA,NA,NA,NA,NA,NA,NA,NA,NA,NA,NA,NA,NA,NA,NA,NA,NA,  1.65199E-02,  1.56876E-02,  1.48998E-02,  1.41583E-02,  1.34628E-02,  1.28119E-02,  1.22034E-02,  1.16348E-02,  1.11034E-02,  1.06067E-02,  1.01421E-02,  9.70705E-03,  9.29938E-03,  8.91695E-03,  8.55781E-03,  8.22016E-03,
 -1.31584E-02, -1.38419E-02, -1.45826E-02, -1.53873E-02, -1.62638E-02, -1.72212E-02, -1.82701E-02, -1.94228E-02, -2.06940E-02, -2.21008E-02, -2.36638E-02, -2.54074E-02, -2.73614E-02, -2.95617E-02, -3.20524E-02,NA,NA,NA,NA,NA,NA,NA,NA,NA,NA,NA,NA,NA,NA,NA,NA,NA,NA,NA,NA,NA,NA,NA,NA,NA,NA,NA,NA,NA,NA,NA,NA,NA,NA,NA,NA,NA,NA,NA,NA,NA,NA,NA,NA,NA,NA,NA,NA,NA,NA,NA,NA,NA,NA,NA,NA,NA,NA,NA,NA,NA,NA,NA,NA,NA,NA,NA,NA,  1.55126E-02,  1.48207E-02,  1.41498E-02,  1.35057E-02,  1.28918E-02,  1.23095E-02,  1.17589E-02,  1.12395E-02,  1.07501E-02,  1.02893E-02,  9.85563E-03,  9.44741E-03,  9.06307E-03,  8.70102E-03,  8.35978E-03,  8.03792E-03,
 -1.34662E-02, -1.41747E-02, -1.49433E-02, -1.57790E-02, -1.66903E-02, -1.76868E-02, -1.87798E-02, -1.99826E-02, -2.13110E-02, -2.27834E-02, -2.44224E-02, -2.62547E-02, -2.83132E-02, -3.06380E-02,NA,NA,NA,NA,NA,NA,NA,NA,NA,NA,NA,NA,NA,NA,NA,NA,NA,NA,NA,NA,NA,NA,NA,NA,NA,NA,NA,NA,NA,NA,NA,NA,NA,NA,NA,NA,NA,NA,NA,NA,NA,NA,NA,NA,NA,NA,NA,NA,NA,NA,NA,NA,NA,NA,NA,NA,NA,NA,NA,NA,NA,NA,NA,NA,NA,NA,NA,NA,NA,  1.45866E-02,  1.40145E-02,  1.34450E-02,  1.28868E-02,  1.23458E-02,  1.18255E-02,  1.13279E-02,  1.08539E-02,  1.04036E-02,  9.97657E-03,  9.57219E-03,  9.18951E-03,  8.82753E-03,  8.48514E-03,  8.16126E-03,  7.85479E-03,
 -1.37447E-02, -1.44748E-02, -1.52672E-02, -1.61295E-02, -1.70702E-02, -1.80996E-02, -1.92294E-02, -2.04737E-02, -2.18488E-02, -2.33745E-02, -2.50744E-02, -2.69770E-02, -2.91173E-02, -3.15383E-02,NA,NA,NA,NA,NA,NA,NA,NA,NA,NA,NA,NA,NA,NA,NA,NA,NA,NA,NA,NA,NA,NA,NA,NA,NA,NA,NA,NA,NA,NA,NA,NA,NA,NA,NA,NA,NA,NA,NA,NA,NA,NA,NA,NA,NA,NA,NA,NA,NA,NA,NA,NA,NA,NA,NA,NA,NA,NA,NA,NA,NA,NA,NA,NA,NA,NA,NA,NA,NA,  1.37565E-02,  1.32816E-02,  1.27961E-02,  1.23106E-02,  1.18324E-02,  1.13664E-02,  1.09158E-02,  1.04825E-02,  1.00677E-02,  9.67168E-03,  9.29445E-03,  8.93565E-03,  8.59472E-03,  8.27098E-03,  7.96367E-03,  7.67197E-03,
 -1.39922E-02, -1.47403E-02, -1.55524E-02, -1.64363E-02, -1.74008E-02, -1.84564E-02, -1.96152E-02, -2.08915E-02, -2.23023E-02, -2.38678E-02, -2.56121E-02, -2.75647E-02, -2.97616E-02, -3.22471E-02,NA,NA,NA,NA,NA,NA,NA,NA,NA,NA,NA,NA,NA,NA,NA,NA,NA,NA,NA,NA,NA,NA,NA,NA,NA,NA,NA,NA,NA,NA,NA,NA,NA,NA,NA,NA,NA,NA,NA,NA,NA,NA,NA,NA,NA,NA,NA,NA,NA,NA,NA,NA,NA,NA,NA,NA,NA,NA,NA,NA,NA,NA,NA,NA,NA,NA,NA,NA,  1.33986E-02,  1.30308E-02,  1.26298E-02,  1.22104E-02,  1.17835E-02,  1.13571E-02,  1.09369E-02,  1.05266E-02,  1.01289E-02,  9.74551E-03,  9.37729E-03,  9.02468E-03,  8.68775E-03,  8.36631E-03,  8.05998E-03,  7.76826E-03,  7.49057E-03,
 -1.42077E-02, -1.49700E-02, -1.57974E-02, -1.66978E-02, -1.76802E-02, -1.87551E-02, -1.99347E-02, -2.12334E-02, -2.26682E-02, -2.42592E-02, -2.60308E-02, -2.80122E-02, -3.02392E-02, -3.27557E-02,NA,NA,NA,NA,NA,NA,NA,NA,NA,NA,NA,NA,NA,NA,NA,NA,NA,NA,NA,NA,NA,NA,NA,NA,NA,NA,NA,NA,NA,NA,NA,NA,NA,NA,NA,NA,NA,NA,NA,NA,NA,NA,NA,NA,NA,NA,NA,NA,NA,NA,NA,NA,NA,NA,NA,NA,NA,NA,NA,NA,NA,NA,NA,NA,NA,NA,NA,NA,  1.27266E-02,  1.24124E-02,  1.20628E-02,  1.16915E-02,  1.13092E-02,  1.09235E-02,  1.05402E-02,  1.01633E-02,  9.79570E-03,  9.43932E-03,  9.09540E-03,  8.76465E-03,  8.44739E-03,  8.14368E-03,  7.85334E-03,  7.57608E-03,  7.31149E-03,
 -1.43902E-02, -1.51628E-02, -1.60012E-02, -1.69130E-02, -1.79073E-02, -1.89945E-02, -2.01866E-02, -2.14978E-02, -2.29449E-02, -2.45474E-02, -2.63291E-02, -2.83181E-02, -3.05489E-02, -3.30632E-02,NA,NA,NA,NA,NA,NA,NA,NA,NA,NA,NA,NA,NA,NA,NA,NA,NA,NA,NA,NA,NA,NA,NA,NA,NA,NA,NA,NA,NA,NA,NA,NA,NA,NA,NA,NA,NA,NA,NA,NA,NA,NA,NA,NA,NA,NA,NA,NA,NA,NA,NA,NA,NA,NA,NA,NA,NA,NA,NA,NA,NA,NA,NA,NA,NA,NA,NA,NA,  1.21859E-02,  1.18992E-02,  1.15799E-02,  1.12401E-02,  1.08888E-02,  1.05330E-02,  1.01780E-02,  9.82749E-03,  9.48439E-03,  9.15058E-03,  8.82739E-03,  8.51561E-03,  8.21571E-03,  7.92785E-03,  7.65200E-03,  7.38798E-03,  7.13550E-03,
 -1.45394E-02, -1.53186E-02, -1.61634E-02, -1.70816E-02, -1.80819E-02, -1.91744E-02, -2.03709E-02, -2.16851E-02, -2.31330E-02, -2.47334E-02, -2.65086E-02, -2.84851E-02, -3.06948E-02, -3.31760E-02,NA,NA,NA,NA,NA,NA,NA,NA,NA,NA,NA,NA,NA,NA,NA,NA,NA,NA,NA,NA,NA,NA,NA,NA,NA,NA,NA,NA,NA,NA,NA,NA,NA,NA,NA,NA,NA,NA,NA,NA,NA,NA,NA,NA,NA,NA,NA,NA,NA,NA,NA,NA,NA,NA,NA,NA,NA,NA,NA,NA,NA,NA,NA,NA,NA,NA,NA,NA,  1.17669E-02,  1.14849E-02,  1.11774E-02,  1.08538E-02,  1.05211E-02,  1.01851E-02,  9.85021E-03,  9.51956E-03,  9.19559E-03,  8.88001E-03,  8.57400E-03,  8.27832E-03,  7.99343E-03,  7.71952E-03,  7.45661E-03,  7.20456E-03,  6.96317E-03,
 -1.46553E-02, -1.54372E-02, -1.62842E-02, -1.72037E-02, -1.82043E-02, -1.92955E-02, -2.04887E-02, -2.17967E-02, -2.32348E-02, -2.48203E-02, -2.65739E-02, -2.85197E-02, -3.06861E-02, -3.31070E-02,NA,NA,NA,NA,NA,NA,NA,NA,NA,NA,NA,NA,NA,NA,NA,NA,NA,NA,NA,NA,NA,NA,NA,NA,NA,NA,NA,NA,NA,NA,NA,NA,NA,NA,NA,NA,NA,NA,NA,NA,NA,NA,NA,NA,NA,NA,NA,NA,NA,NA,NA,NA,NA,NA,NA,NA,NA,NA,NA,NA,NA,NA,NA,NA,NA,NA,NA,NA,  1.14565E-02,  1.11601E-02,  1.08486E-02,  1.05279E-02,  1.02030E-02,  9.87793E-03,  9.55574E-03,  9.23885E-03,  8.92902E-03,  8.62757E-03,  8.33539E-03,  8.05306E-03,  7.78092E-03,  7.51910E-03,  7.26758E-03,  7.02625E-03,  6.79490E-03,
 -1.47382E-02, -1.55192E-02, -1.63643E-02, -1.72804E-02, -1.82758E-02, -1.93595E-02, -2.05421E-02, -2.18357E-02, -2.32541E-02, -2.48134E-02, -2.65321E-02, -2.84313E-02, -3.05358E-02, -3.28742E-02,NA,NA,NA,NA,NA,NA,NA,NA,NA,NA,NA,NA,NA,NA,NA,NA,NA,NA,NA,NA,NA,NA,NA,NA,NA,NA,NA,NA,NA,NA,NA,NA,NA,NA,NA,NA,NA,NA,NA,NA,NA,NA,NA,NA,NA,NA,NA,NA,NA,NA,NA,NA,NA,NA,NA,NA,NA,NA,NA,NA,NA,NA,NA,NA,NA,NA,NA,  1.15582E-02,  1.12384E-02,  1.09129E-02,  1.05846E-02,  1.02561E-02,  9.92990E-03,  9.60806E-03,  9.29223E-03,  8.98376E-03,  8.68365E-03,  8.39264E-03,  8.11122E-03,  7.83968E-03,  7.57816E-03,  7.32666E-03,  7.08509E-03,  6.85325E-03,  6.63092E-03,
 -1.47888E-02, -1.55655E-02, -1.64047E-02, -1.73131E-02, -1.82982E-02, -1.93687E-02, -2.05342E-02, -2.18059E-02, -2.31963E-02, -2.47195E-02, -2.63920E-02, -2.82318E-02, -3.02599E-02, -3.24992E-02,NA,NA,NA,NA,NA,NA,NA,NA,NA,NA,NA,NA,NA,NA,NA,NA,NA,NA,NA,NA,NA,NA,NA,NA,NA,NA,NA,NA,NA,NA,NA,NA,NA,NA,NA,NA,NA,NA,NA,NA,NA,NA,NA,NA,NA,NA,NA,NA,NA,NA,NA,NA,NA,NA,NA,NA,NA,NA,NA,NA,NA,NA,NA,NA,NA,NA,NA,  1.14729E-02,  1.10950E-02,  1.07296E-02,  1.03750E-02,  1.00306E-02,  9.69594E-03,  9.37120E-03,  9.05650E-03,  8.75199E-03,  8.45781E-03,  8.17404E-03,  7.90068E-03,  7.63766E-03,  7.38485E-03,  7.14206E-03,  6.90906E-03,  6.68558E-03,  6.47133E-03,
 -1.48080E-02, -1.55772E-02, -1.64070E-02, -1.73036E-02, -1.82740E-02, -1.93262E-02, -2.04689E-02, -2.17122E-02, -2.30672E-02, -2.45464E-02, -2.61637E-02, -2.79344E-02, -2.98754E-02, -3.20047E-02, -3.43411E-02,NA,NA,NA,NA,NA,NA,NA,NA,NA,NA,NA,NA,NA,NA,NA,NA,NA,NA,NA,NA,NA,NA,NA,NA,NA,NA,NA,NA,NA,NA,NA,NA,NA,NA,NA,NA,NA,NA,NA,NA,NA,NA,NA,NA,NA,NA,NA,NA,NA,NA,NA,NA,NA,NA,NA,NA,NA,NA,NA,NA,NA,NA,NA,NA,NA,  1.19321E-02,  1.14504E-02,  1.10078E-02,  1.05960E-02,  1.02090E-02,  9.84277E-03,  9.49457E-03,  9.16236E-03,  8.84474E-03,  8.54067E-03,  8.24936E-03,  7.97019E-03,  7.70261E-03,  7.44615E-03,  7.20039E-03,  6.96489E-03,  6.73926E-03,  6.52311E-03,  6.31605E-03,
 -1.47972E-02, -1.55560E-02, -1.63731E-02, -1.72543E-02, -1.82060E-02, -1.92353E-02, -2.03504E-02, -2.15599E-02, -2.28737E-02, -2.43025E-02, -2.58580E-02, -2.75527E-02, -2.93999E-02, -3.14131E-02, -3.36054E-02,NA,NA,NA,NA,NA,NA,NA,NA,NA,NA,NA,NA,NA,NA,NA,NA,NA,NA,NA,NA,NA,NA,NA,NA,NA,NA,NA,NA,NA,NA,NA,NA,NA,NA,NA,NA,NA,NA,NA,NA,NA,NA,NA,NA,NA,NA,NA,NA,NA,NA,NA,NA,NA,NA,NA,NA,NA,NA,NA,NA,NA,NA,NA,NA,NA,  1.20385E-02,  1.14677E-02,  1.09584E-02,  1.04974E-02,  1.00749E-02,  9.68383E-03,  9.31885E-03,  8.97614E-03,  8.65278E-03,  8.34658E-03,  8.05583E-03,  7.77919E-03,  7.51559E-03,  7.26411E-03,  7.02400E-03,  6.79459E-03,  6.57529E-03,  6.36557E-03,  6.16492E-03,
 -1.47578E-02, -1.55035E-02, -1.63050E-02, -1.71676E-02, -1.80972E-02, -1.91000E-02, -2.01833E-02, -2.13548E-02, -2.26228E-02, -2.39965E-02, -2.54855E-02, -2.70999E-02, -2.88499E-02, -3.07452E-02, -3.27945E-02,NA,NA,NA,NA,NA,NA,NA,NA,NA,NA,NA,NA,NA,NA,NA,NA,NA,NA,NA,NA,NA,NA,NA,NA,NA,NA,NA,NA,NA,NA,NA,NA,NA,NA,NA,NA,NA,NA,NA,NA,NA,NA,NA,NA,NA,NA,NA,NA,NA,NA,NA,NA,NA,NA,NA,NA,NA,NA,NA,NA,NA,NA,NA,NA,  1.29179E-02,  1.21579E-02,  1.15029E-02,  1.09295E-02,  1.04202E-02,  9.96196E-03,  9.54495E-03,  9.16184E-03,  8.80704E-03,  8.47629E-03,  8.16632E-03,  7.87456E-03,  7.59900E-03,  7.33802E-03,  7.09030E-03,  6.85475E-03,  6.63046E-03,  6.41663E-03,  6.21257E-03,  6.01767E-03,
 -1.46914E-02, -1.54218E-02, -1.62052E-02, -1.70465E-02, -1.79510E-02, -1.89242E-02, -1.99725E-02, -2.11025E-02, -2.23215E-02, -2.36369E-02, -2.50566E-02, -2.65886E-02, -2.82406E-02, -3.00193E-02, -3.19301E-02, -3.39754E-02,NA,NA,NA,NA,NA,NA,NA,NA,NA,NA,NA,NA,NA,NA,NA,NA,NA,NA,NA,NA,NA,NA,NA,NA,NA,NA,NA,NA,NA,NA,NA,NA,NA,NA,NA,NA,NA,NA,NA,NA,NA,NA,NA,NA,NA,NA,NA,NA,NA,NA,NA,NA,NA,NA,NA,NA,NA,NA,NA,NA,NA,NA,NA,  1.31222E-02,  1.22666E-02,  1.15368E-02,  1.09054E-02,  1.03516E-02,  9.85970E-03,  9.41784E-03,  9.01685E-03,  8.64971E-03,  8.31099E-03,  7.99648E-03,  7.70284E-03,  7.42746E-03,  7.16821E-03,  6.92340E-03,  6.69162E-03,  6.47170E-03,  6.26266E-03,  6.06366E-03,  5.87398E-03,
 -1.45998E-02, -1.53128E-02, -1.60760E-02, -1.68938E-02, -1.77708E-02, -1.87120E-02, -1.97228E-02, -2.08089E-02, -2.19764E-02, -2.32316E-02, -2.45808E-02, -2.60300E-02, -2.75851E-02, -2.92507E-02, -3.10298E-02, -3.29228E-02,NA,NA,NA,NA,NA,NA,NA,NA,NA,NA,NA,NA,NA,NA,NA,NA,NA,NA,NA,NA,NA,NA,NA,NA,NA,NA,NA,NA,NA,NA,NA,NA,NA,NA,NA,NA,NA,NA,NA,NA,NA,NA,NA,NA,NA,NA,NA,NA,NA,NA,NA,NA,NA,NA,NA,NA,NA,NA,NA,NA,NA,NA,  1.43920E-02,  1.32778E-02,  1.23446E-02,  1.15528E-02,  1.08723E-02,  1.02802E-02,  9.75898E-03,  9.29497E-03,  8.87774E-03,  8.49915E-03,  8.15283E-03,  7.83378E-03,  7.53804E-03,  7.26245E-03,  7.00448E-03,  6.76207E-03,  6.53353E-03,  6.31748E-03,  6.11274E-03,  5.91834E-03,  5.73344E-03,
 -1.44849E-02, -1.51788E-02, -1.59200E-02, -1.67124E-02, -1.75601E-02, -1.84673E-02, -1.94388E-02, -2.04794E-02, -2.15942E-02, -2.27883E-02, -2.40667E-02, -2.54341E-02, -2.68948E-02, -2.84518E-02, -3.01069E-02, -3.18595E-02, -3.37058E-02,NA,NA,NA,NA,NA,NA,NA,NA,NA,NA,NA,NA,NA,NA,NA,NA,NA,NA,NA,NA,NA,NA,NA,NA,NA,NA,NA,NA,NA,NA,NA,NA,NA,NA,NA,NA,NA,NA,NA,NA,NA,NA,NA,NA,NA,NA,NA,NA,NA,NA,NA,NA,NA,NA,NA,NA,NA,NA,NA,NA,NA,  1.45493E-02,  1.33668E-02,  1.23766E-02,  1.15378E-02,  1.08194E-02,  1.01970E-02,  9.65199E-03,  9.16983E-03,  8.73911E-03,  8.35089E-03,  7.99812E-03,  7.67520E-03,  7.37767E-03,  7.10196E-03,  6.84518E-03,  6.60497E-03,  6.37942E-03,  6.16694E-03,  5.96620E-03,  5.77608E-03,  5.59566E-03,
 -1.43485E-02, -1.50220E-02, -1.57398E-02, -1.65053E-02, -1.73222E-02, -1.81942E-02, -1.91252E-02, -2.01193E-02, -2.11808E-02, -2.23137E-02, -2.35220E-02, -2.48094E-02, -2.61789E-02, -2.76326E-02, -2.91715E-02, -3.07945E-02, -3.24987E-02,NA,NA,NA,NA,NA,NA,NA,NA,NA,NA,NA,NA,NA,NA,NA,NA,NA,NA,NA,NA,NA,NA,NA,NA,NA,NA,NA,NA,NA,NA,NA,NA,NA,NA,NA,NA,NA,NA,NA,NA,NA,NA,NA,NA,NA,NA,NA,NA,NA,NA,NA,NA,NA,NA,NA,NA,NA,NA,NA,NA,NA,  1.45993E-02,  1.33774E-02,  1.23518E-02,  1.14824E-02,  1.07381E-02,  1.00945E-02,  9.53245E-03,  9.03704E-03,  8.59638E-03,  8.20107E-03,  7.84362E-03,  7.51803E-03,  7.21950E-03,  6.94414E-03,  6.68878E-03,  6.45087E-03,  6.22828E-03,  6.01927E-03,  5.82237E-03,  5.63636E-03,  5.46021E-03,
 -1.41926E-02, -1.48445E-02, -1.55378E-02, -1.62754E-02, -1.70605E-02, -1.78963E-02, -1.87862E-02, -1.97335E-02, -2.07416E-02, -2.18140E-02, -2.29536E-02, -2.41633E-02, -2.54453E-02, -2.68010E-02, -2.82309E-02, -2.97341E-02, -3.13084E-02, -3.29496E-02,NA,NA,NA,NA,NA,NA,NA,NA,NA,NA,NA,NA,NA,NA,NA,NA,NA,NA,NA,NA,NA,NA,NA,NA,NA,NA,NA,NA,NA,NA,NA,NA,NA,NA,NA,NA,NA,NA,NA,NA,NA,NA,NA,NA,NA,NA,NA,NA,NA,NA,NA,NA,NA,NA,NA,NA,NA,NA,NA,NA,  1.45371E-02,  1.33037E-02,  1.22642E-02,  1.13805E-02,  1.06229E-02,  9.96749E-03,  9.39566E-03,  8.89246E-03,  8.44594E-03,  8.04657E-03,  7.68665E-03,  7.36000E-03,  7.06159E-03,  6.78735E-03,  6.53394E-03,  6.29864E-03,  6.07918E-03,  5.87369E-03,  5.68062E-03,  5.49865E-03,  5.32668E-03,
 -1.40191E-02, -1.46486E-02, -1.53165E-02, -1.60255E-02, -1.67782E-02, -1.75774E-02, -1.84258E-02, -1.93263E-02, -2.02816E-02, -2.12945E-02, -2.23672E-02, -2.35019E-02, -2.47002E-02, -2.59631E-02, -2.72908E-02, -2.86825E-02, -3.01367E-02, -3.16509E-02, -3.32223E-02,NA,NA,NA,NA,NA,NA,NA,NA,NA,NA,NA,NA,NA,NA,NA,NA,NA,NA,NA,NA,NA,NA,NA,NA,NA,NA,NA,NA,NA,NA,NA,NA,NA,NA,NA,NA,NA,NA,NA,NA,NA,NA,NA,NA,NA,NA,NA,NA,NA,NA,NA,NA,NA,NA,NA,NA,NA,NA,  1.58141E-02,  1.43650E-02,  1.31454E-02,  1.21118E-02,  1.12294E-02,  1.04705E-02,  9.81283E-03,  9.23852E-03,  8.73316E-03,  8.28512E-03,  7.88498E-03,  7.52509E-03,  7.19924E-03,  6.90234E-03,  6.63023E-03,  6.37949E-03,  6.14728E-03,  5.93128E-03,  5.72953E-03,  5.54039E-03,  5.36251E-03,  5.19470E-03,
 -1.38299E-02, -1.44363E-02, -1.50783E-02, -1.57582E-02, -1.64782E-02, -1.72406E-02, -1.80478E-02, -1.89019E-02, -1.98053E-02, -2.07601E-02, -2.17680E-02, -2.28306E-02, -2.39491E-02, -2.51240E-02, -2.63554E-02, -2.76429E-02, -2.89851E-02, -3.03807E-02, -3.18282E-02, -3.33271E-02,NA,NA,NA,NA,NA,NA,NA,NA,NA,NA,NA,NA,NA,NA,NA,NA,NA,NA,NA,NA,NA,NA,NA,NA,NA,NA,NA,NA,NA,NA,NA,NA,NA,NA,NA,NA,NA,NA,NA,NA,NA,NA,NA,NA,NA,NA,NA,NA,NA,NA,NA,NA,NA,NA,NA,NA,NA,  1.54859E-02,  1.40905E-02,  1.29065E-02,  1.18963E-02,  1.10291E-02,  1.02802E-02,  9.62912E-03,  9.05935E-03,  8.55738E-03,  8.11215E-03,  7.71463E-03,  7.35740E-03,  7.03436E-03,  6.74050E-03,  6.47168E-03,  6.22446E-03,  5.99598E-03,  5.78389E-03,  5.58617E-03,  5.40118E-03,  5.22750E-03,  5.06392E-03,
 -1.36268E-02, -1.42097E-02, -1.48256E-02, -1.54761E-02, -1.61634E-02, -1.68892E-02, -1.76554E-02, -1.84640E-02, -1.93167E-02, -2.02150E-02, -2.11604E-02, -2.21539E-02, -2.31963E-02, -2.42879E-02, -2.54286E-02, -2.66179E-02, -2.78550E-02, -2.91388E-02, -3.04685E-02, -3.18441E-02, -3.32669E-02,NA,NA,NA,NA,NA,NA,NA,NA,NA,NA,NA,NA,NA,NA,NA,NA,NA,NA,NA,NA,NA,NA,NA,NA,NA,NA, -5.17136E-03,NA,NA,NA,NA,NA,NA,NA,NA,NA,NA,NA,NA,NA,NA,NA,NA,NA,NA,NA,NA,NA,NA,NA,NA,NA,NA,NA,NA,  1.65952E-02,  1.50463E-02,  1.37252E-02,  1.25943E-02,  1.16220E-02,  1.07822E-02,  1.00530E-02,  9.41655E-03,  8.85779E-03,  8.36439E-03,  7.92613E-03,  7.53453E-03,  7.18256E-03,  6.86439E-03,  6.57517E-03,  6.31087E-03,  6.06811E-03,  5.84408E-03,  5.63642E-03,  5.44314E-03,  5.26256E-03,  5.09327E-03,  4.93405E-03,
 -1.34115E-02, -1.39708E-02, -1.45603E-02, -1.51816E-02, -1.58363E-02, -1.65259E-02, -1.72520E-02, -1.80160E-02, -1.88193E-02, -1.96631E-02, -2.05483E-02, -2.14757E-02, -2.24456E-02, -2.34583E-02, -2.45133E-02, -2.56102E-02, -2.67481E-02, -2.79260E-02, -2.91433E-02, -3.03997E-02, -3.16958E-02, -3.30337E-02,NA,NA,NA,NA,NA,NA,NA,NA,NA,NA,NA,NA,NA,NA,NA,NA,NA,NA,NA,NA,NA,NA,NA,NA, -9.30325E-03, -5.68745E-03, -2.16113E-03,NA,NA,NA,NA,NA,NA,NA,NA,NA,NA,NA,NA,NA,NA,NA,NA,NA,NA,NA,NA,NA,NA,NA,NA,NA,NA,NA,  1.59443E-02,  1.45154E-02,  1.32833E-02,  1.22185E-02,  1.12956E-02,  1.04928E-02,  9.79164E-03,  9.17660E-03,  8.63453E-03,  8.15438E-03,  7.72690E-03,  7.34431E-03,  7.00009E-03,  6.68877E-03,  6.40577E-03,  6.14724E-03,  5.90992E-03,  5.69110E-03,  5.48845E-03,  5.30004E-03,  5.12420E-03,  4.95953E-03,  4.80482E-03,
 -1.31858E-02, -1.37214E-02, -1.42847E-02, -1.48769E-02, -1.54994E-02, -1.61534E-02, -1.68402E-02, -1.75608E-02, -1.83163E-02, -1.91075E-02, -1.99351E-02, -2.07994E-02, -2.17005E-02, -2.26384E-02, -2.36125E-02, -2.46222E-02, -2.56664E-02, -2.67442E-02, -2.78544E-02, -2.89963E-02, -3.01694E-02, -3.13739E-02, -3.26100E-02,NA,NA,NA,NA,NA,NA,NA,NA,NA,NA,NA,NA,NA,NA,NA,NA,NA,NA,NA,NA,NA,NA, -1.27225E-02, -9.32757E-03, -6.00908E-03, -2.73863E-03,NA,NA,NA,NA,NA,NA,NA,NA,NA,NA,NA,NA,NA,NA,NA,NA,NA,NA,NA,NA,NA,NA,NA,NA,NA,NA,  1.67056E-02,  1.52145E-02,  1.39140E-02,  1.27799E-02,  1.17901E-02,  1.09248E-02,  1.01664E-02,  9.49975E-03,  8.91177E-03,  8.39116E-03,  7.92828E-03,  7.51493E-03,  7.14411E-03,  6.80992E-03,  6.50732E-03,  6.23205E-03,  5.98049E-03,  5.74958E-03,  5.53671E-03,  5.33968E-03,  5.15659E-03,  4.98585E-03,  4.82606E-03,  4.67606E-03,
 -1.29513E-02, -1.34633E-02, -1.40005E-02, -1.45640E-02, -1.51549E-02, -1.57741E-02, -1.64226E-02, -1.71012E-02, -1.78106E-02, -1.85513E-02, -1.93237E-02, -2.01279E-02, -2.09638E-02, -2.18309E-02, -2.27287E-02, -2.36561E-02, -2.46121E-02, -2.55952E-02, -2.66041E-02, -2.76372E-02, -2.86929E-02, -2.97696E-02, -3.08652E-02, -3.19767E-02, -3.30989E-02,NA,NA,NA,NA,NA,NA,NA,NA,NA,NA,NA,NA,NA,NA,NA,NA,NA,NA, -1.85193E-02, -1.53919E-02, -1.22888E-02, -9.22451E-03, -6.19729E-03, -3.19139E-03, -1.80072E-04,NA,NA,NA,NA,NA,NA,NA,NA,NA,NA,NA,NA,NA,NA,NA,NA,NA,NA,NA,NA,NA,NA,NA,NA,  1.72512E-02,  1.57563E-02,  1.44319E-02,  1.32619E-02,  1.22300E-02,  1.13203E-02,  1.05179E-02,  9.80911E-03,  9.18181E-03,  8.62521E-03,  8.12988E-03,  7.68758E-03,  7.29118E-03,  6.93455E-03,  6.61239E-03,  6.32017E-03,  6.05399E-03,  5.81053E-03,  5.58694E-03,  5.38077E-03,  5.18993E-03,  5.01263E-03,  4.84733E-03,  4.69271E-03,  4.54763E-03,
 -1.27094E-02, -1.31980E-02, -1.37095E-02, -1.42449E-02, -1.48049E-02, -1.53902E-02, -1.60016E-02, -1.66396E-02, -1.73047E-02, -1.79970E-02, -1.87169E-02, -1.94640E-02, -2.02380E-02, -2.10384E-02, -2.18642E-02, -2.27143E-02, -2.35873E-02, -2.44815E-02, -2.53950E-02, -2.63256E-02, -2.72709E-02, -2.82277E-02, -2.91924E-02, -3.01595E-02, -3.11219E-02, -3.20687E-02, -3.29849E-02,NA,NA,NA,NA,NA,NA,NA,NA,NA,NA,NA,NA,NA, -2.52855E-02, -2.27370E-02, -2.00732E-02, -1.73403E-02, -1.45756E-02, -1.18053E-02, -9.04377E-03, -6.29409E-03, -3.54925E-03, -7.94641E-04,  1.98889E-03,NA,NA,NA,NA,NA,NA,NA,NA,NA,NA,NA,NA,NA,NA,NA,NA,NA,NA,NA,NA,NA,NA,  1.75133E-02,  1.60800E-02,  1.47838E-02,  1.36191E-02,  1.25773E-02,  1.16479E-02,  1.08202E-02,  1.00834E-02,  9.42741E-03,  8.84265E-03,  8.32053E-03,  7.85334E-03,  7.43419E-03,  7.05703E-03,  6.71655E-03,  6.40812E-03,  6.12771E-03,  5.87185E-03,  5.63749E-03,  5.42205E-03,  5.22325E-03,  5.03915E-03,  4.86808E-03,  4.70858E-03,  4.55939E-03,  4.41943E-03,
 -1.24615E-02, -1.29271E-02, -1.34135E-02, -1.39213E-02, -1.44511E-02, -1.50036E-02, -1.55792E-02, -1.61781E-02, -1.68007E-02, -1.74469E-02, -1.81167E-02, -1.88098E-02, -1.95254E-02, -2.02629E-02, -2.10211E-02, -2.17987E-02, -2.25940E-02, -2.34050E-02, -2.42294E-02, -2.50646E-02, -2.59072E-02, -2.67533E-02, -2.75979E-02, -2.84347E-02, -2.92551E-02, -3.00478E-02, -3.07982E-02, -3.14869E-02, -3.20903E-02, -3.25800E-02, -3.29239E-02, -3.30879E-02,NA,NA,NA,NA, -3.02129E-02, -2.88099E-02, -2.71518E-02, -2.52686E-02, -2.31965E-02, -2.09747E-02, -1.86423E-02, -1.62348E-02, -1.37816E-02, -1.13049E-02, -8.81844E-03, -6.32819E-03, -3.83315E-03, -1.32714E-03,  1.19882E-03,  3.75367E-03,NA,NA,NA,NA,NA,NA,NA,NA,NA,NA,NA,NA,NA,NA,NA,NA,NA,NA,NA,NA,  1.74478E-02,  1.61393E-02,  1.49253E-02,  1.38107E-02,  1.27954E-02,  1.18758E-02,  1.10462E-02,  1.02999E-02,  9.62945E-03,  9.02759E-03,  8.48717E-03,  8.00150E-03,  7.56440E-03,  7.17027E-03,  6.81407E-03,  6.49129E-03,  6.19796E-03,  5.93056E-03,  5.68602E-03,  5.46164E-03,  5.25507E-03,  5.06425E-03,  4.88739E-03,  4.72296E-03,  4.56958E-03,  4.42608E-03,  4.29144E-03,
 -1.22090E-02, -1.26520E-02, -1.31138E-02, -1.35948E-02, -1.40954E-02, -1.46161E-02, -1.51572E-02, -1.57187E-02, -1.63007E-02, -1.69030E-02, -1.75254E-02, -1.81672E-02, -1.88279E-02, -1.95063E-02, -2.02011E-02, -2.09110E-02, -2.16338E-02, -2.23675E-02, -2.31093E-02, -2.38562E-02, -2.46044E-02, -2.53494E-02, -2.60856E-02, -2.68061E-02, -2.75020E-02, -2.81624E-02, -2.87734E-02, -2.93182E-02, -2.97766E-02, -3.01259E-02, -3.03409E-02, -3.03957E-02, -3.02657E-02, -2.99288E-02, -2.93686E-02, -2.85753E-02, -2.75477E-02, -2.62927E-02, -2.48259E-02, -2.31694E-02, -2.13502E-02, -1.93978E-02, -1.73420E-02, -1.52101E-02, -1.30260E-02, -1.08083E-02, -8.57013E-03, -6.31905E-03, -4.05802E-03, -1.78653E-03,  4.97580E-04,  2.79599E-03,  5.10750E-03,  7.42550E-03,NA,NA,NA,NA,NA,NA,NA,NA,NA,NA,NA,NA,NA,NA,NA,NA,  1.82000E-02,  1.70418E-02,  1.59103E-02,  1.48269E-02,  1.38056E-02,  1.28541E-02,  1.19758E-02,  1.11705E-02,  1.04359E-02,  9.76844E-03,  9.16335E-03,  8.61562E-03,  8.12014E-03,  7.67187E-03,  7.26602E-03,  6.89813E-03,  6.56408E-03,  6.26013E-03,  5.98294E-03,  5.72948E-03,  5.49708E-03,  5.28339E-03,  5.08629E-03,  4.90397E-03,  4.73479E-03,  4.57734E-03,  4.43038E-03,  4.29281E-03,  4.16368E-03,
 -1.19530E-02, -1.23740E-02, -1.28118E-02, -1.32668E-02, -1.37392E-02, -1.42294E-02, -1.47373E-02, -1.52630E-02, -1.58063E-02, -1.63669E-02, -1.69444E-02, -1.75381E-02, -1.81470E-02, -1.87700E-02, -1.94058E-02, -2.00525E-02, -2.07081E-02, -2.13702E-02, -2.20359E-02, -2.27019E-02, -2.33641E-02, -2.40177E-02, -2.46569E-02, -2.52747E-02, -2.58625E-02, -2.64098E-02, -2.69044E-02, -2.73315E-02, -2.76744E-02, -2.79146E-02, -2.80324E-02, -2.80082E-02, -2.78235E-02, -2.74622E-02, -2.69127E-02, -2.61683E-02, -2.52284E-02, -2.40990E-02, -2.27916E-02, -2.13230E-02, -1.97138E-02, -1.79863E-02, -1.61636E-02, -1.42673E-02, -1.23167E-02, -1.03278E-02, -8.31266E-03, -6.27988E-03, -4.23479E-03, -2.18056E-03, -1.19402E-04,  1.94580E-03,  4.00981E-03,  6.06334E-03,  8.09139E-03,  1.00722E-02,NA,NA,NA,NA,NA,NA,NA,NA,NA,NA,NA,NA,  1.80548E-02,  1.72123E-02,  1.63147E-02,  1.53950E-02,  1.44793E-02,  1.35876E-02,  1.27337E-02,  1.19268E-02,  1.11721E-02,  1.04720E-02,  9.82634E-03,  9.23377E-03,  8.69170E-03,  8.19695E-03,  7.74602E-03,  7.33527E-03,  6.96111E-03,  6.62007E-03,  6.30888E-03,  6.02451E-03,  5.76416E-03,  5.52532E-03,  5.30569E-03,  5.10323E-03,  4.91611E-03,  4.74270E-03,  4.58155E-03,  4.43139E-03,  4.29109E-03,  4.15965E-03,  4.03620E-03,
 -1.16948E-02, -1.20943E-02, -1.25088E-02, -1.29387E-02, -1.33839E-02, -1.38447E-02, -1.43209E-02, -1.48124E-02, -1.53190E-02, -1.58402E-02, -1.63753E-02, -1.69236E-02, -1.74841E-02, -1.80554E-02, -1.86361E-02, -1.92243E-02, -1.98178E-02, -2.04140E-02, -2.10100E-02, -2.16022E-02, -2.21866E-02, -2.27582E-02, -2.33113E-02, -2.38391E-02, -2.43334E-02, -2.47848E-02, -2.51824E-02, -2.55134E-02, -2.57641E-02, -2.59195E-02, -2.59642E-02, -2.58829E-02, -2.56618E-02, -2.52890E-02, -2.47562E-02, -2.40588E-02, -2.31968E-02, -2.21749E-02, -2.10022E-02, -1.96916E-02, -1.82589E-02, -1.67215E-02, -1.50973E-02, -1.34038E-02, -1.16567E-02, -9.86995E-03, -8.05464E-03, -6.21962E-03, -4.37166E-03, -2.51613E-03, -6.57929E-04,  1.19738E-03,  3.04240E-03,  4.86674E-03,  6.65602E-03,  8.39125E-03,  1.00487E-02,  1.16005E-02,  1.30161E-02,  1.42646E-02,NA,NA,NA,NA,NA,  1.71759E-02,  1.69113E-02,  1.64905E-02,  1.59468E-02,  1.53130E-02,  1.46197E-02,  1.38935E-02,  1.31567E-02,  1.24269E-02,  1.17172E-02,  1.10372E-02,  1.03931E-02,  9.78841E-03,  9.22483E-03,  8.70242E-03,  8.22019E-03,  7.77640E-03,  7.36885E-03,  6.99505E-03,  6.65241E-03,  6.33834E-03,  6.05030E-03,  5.78587E-03,  5.54281E-03,  5.31902E-03,  5.11258E-03,  4.92175E-03,  4.74496E-03,  4.58078E-03,  4.42794E-03,  4.28531E-03,  4.15187E-03,  4.02673E-03,  3.90909E-03,
 -1.14351E-02, -1.18138E-02, -1.22059E-02, -1.26115E-02, -1.30307E-02, -1.34633E-02, -1.39093E-02, -1.43684E-02, -1.48401E-02, -1.53240E-02, -1.58193E-02, -1.63251E-02, -1.68403E-02, -1.73635E-02, -1.78930E-02, -1.84271E-02, -1.89633E-02, -1.94992E-02, -2.00316E-02, -2.05571E-02, -2.10714E-02, -2.15700E-02, -2.20471E-02, -2.24963E-02, -2.29103E-02, -2.32805E-02, -2.35973E-02, -2.38500E-02, -2.40272E-02, -2.41166E-02, -2.41062E-02, -2.39841E-02, -2.37397E-02, -2.33644E-02, -2.28519E-02, -2.21991E-02, -2.14065E-02, -2.04779E-02, -1.94204E-02, -1.82442E-02, -1.69616E-02, -1.55863E-02, -1.41327E-02, -1.26148E-02, -1.10459E-02, -9.43797E-03, -7.80121E-03, -6.14441E-03, -4.47500E-03, -2.79957E-03, -1.12451E-03,  5.43196E-04,  2.19518E-03,  3.82092E-03,  5.40717E-03,  6.93761E-03,  8.39292E-03,  9.75139E-03,  1.09900E-02,  1.20860E-02,  1.30191E-02,  1.37730E-02,  1.43378E-02,  1.47107E-02,  1.48969E-02,  1.49087E-02,  1.47644E-02,  1.44864E-02,  1.40996E-02,  1.36290E-02,  1.30983E-02,  1.25293E-02,  1.19403E-02,  1.13467E-02,  1.07606E-02,  1.01912E-02,  9.64482E-03,  9.12599E-03,  8.63722E-03,  8.17970E-03,  7.75355E-03,  7.35811E-03,  6.99218E-03,  6.65423E-03,  6.34248E-03,  6.05506E-03,  5.79007E-03,  5.54567E-03,  5.32004E-03,  5.11152E-03,  4.91851E-03,  4.73956E-03,  4.57333E-03,  4.41860E-03,  4.27427E-03,  4.13934E-03,  4.01292E-03,  3.89420E-03,  3.78248E-03,
 -1.11752E-02, -1.15337E-02, -1.19041E-02, -1.22864E-02, -1.26806E-02, -1.30863E-02, -1.35036E-02, -1.39318E-02, -1.43707E-02, -1.48194E-02, -1.52773E-02, -1.57434E-02, -1.62163E-02, -1.66948E-02, -1.71771E-02, -1.76612E-02, -1.81450E-02, -1.86258E-02, -1.91005E-02, -1.95657E-02, -2.00174E-02, -2.04510E-02, -2.08614E-02, -2.12425E-02, -2.15876E-02, -2.18892E-02, -2.21389E-02, -2.23278E-02, -2.24462E-02, -2.24844E-02, -2.24327E-02, -2.22818E-02, -2.20237E-02, -2.16518E-02, -2.11616E-02, -2.05510E-02, -1.98205E-02, -1.89735E-02, -1.80156E-02, -1.69549E-02, -1.58013E-02, -1.45656E-02, -1.32596E-02, -1.18948E-02, -1.04824E-02, -9.03274E-03, -7.55531E-03, -6.05850E-03, -4.54991E-03, -3.03669E-03, -1.52591E-03, -2.51568E-05,  1.45698E-03,  2.91042E-03,  4.32319E-03,  5.68138E-03,  6.96923E-03,  8.16965E-03,  9.26505E-03,  1.02385E-02,  1.10750E-02,  1.17630E-02,  1.22953E-02,  1.26702E-02,  1.28913E-02,  1.29677E-02,  1.29127E-02,  1.27430E-02,  1.24772E-02,  1.21345E-02,  1.17338E-02,  1.12923E-02,  1.08254E-02,  1.03462E-02,  9.86544E-03,  9.39169E-03,  8.93135E-03,  8.48905E-03,  8.06791E-03,  7.66981E-03,  7.29564E-03,  6.94555E-03,  6.61910E-03,  6.31548E-03,  6.03359E-03,  5.77216E-03,  5.52985E-03,  5.30525E-03,  5.09700E-03,  4.90375E-03,  4.72425E-03,  4.55728E-03,  4.40173E-03,  4.25657E-03,  4.12087E-03,  3.99376E-03,  3.87445E-03,  3.76224E-03,  3.65650E-03,
 -1.09156E-02, -1.12547E-02, -1.16043E-02, -1.19643E-02, -1.23345E-02, -1.27147E-02, -1.31046E-02, -1.35038E-02, -1.39116E-02, -1.43273E-02, -1.47502E-02, -1.51791E-02, -1.56128E-02, -1.60498E-02, -1.64885E-02, -1.69268E-02, -1.73626E-02, -1.77932E-02, -1.82157E-02, -1.86268E-02, -1.90226E-02, -1.93989E-02, -1.97508E-02, -2.00728E-02, -2.03591E-02, -2.06028E-02, -2.07969E-02, -2.09337E-02, -2.10054E-02, -2.10038E-02, -2.09214E-02, -2.07508E-02, -2.04858E-02, -2.01214E-02, -1.96544E-02, -1.90833E-02, -1.84089E-02, -1.76337E-02, -1.67627E-02, -1.58023E-02, -1.47603E-02, -1.36459E-02, -1.24684E-02, -1.12376E-02, -9.96304E-03, -8.65380E-03, -7.31842E-03, -5.96486E-03, -4.60060E-03, -3.23284E-03, -1.86886E-03, -5.16295E-04,  8.16486E-04,  2.12008E-03,  3.38387E-03,  4.59600E-03,  5.74354E-03,  6.81290E-03,  7.79045E-03,  8.66335E-03,  9.42043E-03,  1.00532E-02,  1.05564E-02,  1.09288E-02,  1.11731E-02,  1.12961E-02,  1.13077E-02,  1.12204E-02,  1.10485E-02,  1.08067E-02,  1.05099E-02,  1.01721E-02,  9.80589E-03,  9.42253E-03,  9.03139E-03,  8.64019E-03,  8.25502E-03,  7.88053E-03,  7.52008E-03,  7.17594E-03,  6.84954E-03,  6.54156E-03,  6.25217E-03,  5.98108E-03,  5.72775E-03,  5.49140E-03,  5.27111E-03,  5.06590E-03,  4.87475E-03,  4.69663E-03,  4.53054E-03,  4.37553E-03,  4.23068E-03,  4.09514E-03,  3.96810E-03,  3.84885E-03,  3.73670E-03,  3.63104E-03,  3.53132E-03,
 -1.06572E-02, -1.09777E-02, -1.13073E-02, -1.16459E-02, -1.19934E-02, -1.23493E-02, -1.27133E-02, -1.30849E-02, -1.34635E-02, -1.38483E-02, -1.42384E-02, -1.46327E-02, -1.50300E-02, -1.54287E-02, -1.58273E-02, -1.62236E-02, -1.66156E-02, -1.70008E-02, -1.73763E-02, -1.77389E-02, -1.80850E-02, -1.84107E-02, -1.87115E-02, -1.89826E-02, -1.92185E-02, -1.94135E-02, -1.95614E-02, -1.96559E-02, -1.96903E-02, -1.96581E-02, -1.95530E-02, -1.93695E-02, -1.91026E-02, -1.87485E-02, -1.83048E-02, -1.77707E-02, -1.71468E-02, -1.64356E-02, -1.56409E-02, -1.47681E-02, -1.38237E-02, -1.28151E-02, -1.17503E-02, -1.06374E-02, -9.48458E-03, -8.29994E-03, -7.09117E-03, -5.86566E-03, -4.63057E-03, -3.39292E-03, -2.15980E-03, -9.38608E-04,  2.62751E-04,  1.43569E-03,  2.57087E-03,  3.65816E-03,  4.68691E-03,  5.64619E-03,  6.52527E-03,  7.31425E-03,  8.00465E-03,  8.59006E-03,  9.06664E-03,  9.43345E-03,  9.69260E-03,  9.84908E-03,  9.91041E-03,  9.88614E-03,  9.78716E-03,  9.62511E-03,  9.41169E-03,  9.15823E-03,  8.87521E-03,  8.57204E-03,  8.25689E-03,  7.93664E-03,  7.61692E-03,  7.30219E-03,  6.99586E-03,  6.70041E-03,  6.41757E-03,  6.14841E-03,  5.89349E-03,  5.65297E-03,  5.42669E-03,  5.21428E-03,  5.01519E-03,  4.82876E-03,  4.65428E-03,  4.49099E-03,  4.33812E-03,  4.19493E-03,  4.06070E-03,  3.93471E-03,  3.81632E-03,  3.70492E-03,  3.59992E-03,  3.50081E-03,  3.40711E-03,
 -1.04007E-02, -1.07033E-02, -1.10138E-02, -1.13320E-02, -1.16578E-02, -1.19907E-02, -1.23302E-02, -1.26759E-02, -1.30271E-02, -1.33829E-02, -1.37425E-02, -1.41047E-02, -1.44682E-02, -1.48316E-02, -1.51933E-02, -1.55513E-02, -1.59035E-02, -1.62475E-02, -1.65807E-02, -1.68999E-02, -1.72020E-02, -1.74832E-02, -1.77395E-02, -1.79666E-02, -1.81596E-02, -1.83136E-02, -1.84233E-02, -1.84833E-02, -1.84881E-02, -1.84323E-02, -1.83110E-02, -1.81196E-02, -1.78543E-02, -1.75123E-02, -1.70917E-02, -1.65921E-02, -1.60141E-02, -1.53598E-02, -1.46327E-02, -1.38371E-02, -1.29784E-02, -1.20629E-02, -1.10972E-02, -1.00884E-02, -9.04344E-03, -7.96953E-03, -6.87361E-03, -5.76248E-03, -4.64284E-03, -3.52135E-03, -2.40475E-03, -1.30000E-03, -2.14423E-04,  8.44254E-04,  1.86782E-03,  2.84764E-03,  3.77485E-03,  4.64056E-03,  5.43622E-03,  6.15407E-03,  6.78754E-03,  7.33172E-03,  7.78369E-03,  8.14273E-03,  8.41043E-03,  8.59060E-03,  8.68897E-03,  8.71289E-03,  8.67082E-03,  8.57191E-03,  8.42551E-03,  8.24079E-03,  8.02642E-03,  7.79032E-03,  7.53952E-03,  7.28009E-03,  7.01715E-03,  6.75487E-03,  6.49657E-03,  6.24480E-03,  6.00144E-03,  5.76781E-03,  5.54474E-03,  5.33271E-03,  5.13186E-03,  4.94213E-03,  4.76326E-03,  4.59487E-03,  4.43649E-03,  4.28761E-03,  4.14765E-03,  4.01605E-03,  3.89226E-03,  3.77571E-03,  3.66588E-03,  3.56225E-03,  3.46436E-03,  3.37177E-03,  3.28405E-03,
 -1.01467E-02, -1.04321E-02, -1.07243E-02, -1.10232E-02, -1.13284E-02, -1.16394E-02, -1.19559E-02, -1.22773E-02, -1.26027E-02, -1.29315E-02, -1.32626E-02, -1.35950E-02, -1.39273E-02, -1.42583E-02, -1.45862E-02, -1.49092E-02, -1.52252E-02, -1.55321E-02, -1.58273E-02, -1.61079E-02, -1.63710E-02, -1.66131E-02, -1.68307E-02, -1.70198E-02, -1.71764E-02, -1.72959E-02, -1.73739E-02, -1.74059E-02, -1.73873E-02, -1.73136E-02, -1.71809E-02, -1.69855E-02, -1.67244E-02, -1.63955E-02, -1.59974E-02, -1.55298E-02, -1.49936E-02, -1.43906E-02, -1.37235E-02, -1.29962E-02, -1.22133E-02, -1.13800E-02, -1.05020E-02, -9.58532E-03, -8.63617E-03, -7.66081E-03, -6.66553E-03, -5.65652E-03, -4.63999E-03, -3.62214E-03, -2.60926E-03, -1.60777E-03, -6.24359E-04,  3.34059E-04,  1.26029E-03,  2.14696E-03,  2.98662E-03,  3.77196E-03,  4.49609E-03,  5.15282E-03,  5.73696E-03,  6.24468E-03,  6.67369E-03,  7.02343E-03,  7.29510E-03,  7.49159E-03,  7.61736E-03,  7.67808E-03,  7.68040E-03,  7.63158E-03,  7.53910E-03,  7.41044E-03,  7.25275E-03,  7.07271E-03,  6.87633E-03,  6.66895E-03,  6.45513E-03,  6.23873E-03,  6.02288E-03,  5.81010E-03,  5.60233E-03,  5.40103E-03,  5.20721E-03,  5.02155E-03,  4.84444E-03,  4.67603E-03,  4.51632E-03,  4.36512E-03,  4.22219E-03,  4.08719E-03,  3.95974E-03,  3.83943E-03,  3.72583E-03,  3.61853E-03,  3.51711E-03,  3.42115E-03,  3.33027E-03,  3.24411E-03,  3.16232E-03,
 -9.89565E-03, -1.01646E-02, -1.04395E-02, -1.07199E-02, -1.10056E-02, -1.12961E-02, -1.15908E-02, -1.18893E-02, -1.21907E-02, -1.24942E-02, -1.27989E-02, -1.31037E-02, -1.34073E-02, -1.37084E-02, -1.40054E-02, -1.42965E-02, -1.45799E-02, -1.48533E-02, -1.51144E-02, -1.53607E-02, -1.55893E-02, -1.57971E-02, -1.59811E-02, -1.61375E-02, -1.62630E-02, -1.63536E-02, -1.64054E-02, -1.64147E-02, -1.63777E-02, -1.62906E-02, -1.61502E-02, -1.59537E-02, -1.56986E-02, -1.53833E-02, -1.50069E-02, -1.45693E-02, -1.40712E-02, -1.35142E-02, -1.29009E-02, -1.22345E-02, -1.15188E-02, -1.07584E-02, -9.95824E-03, -9.12345E-03, -8.25952E-03, -7.37200E-03, -6.46652E-03, -5.54872E-03, -4.62428E-03, -3.69889E-03, -2.77835E-03, -1.86852E-03, -9.75449E-04, -1.05289E-04,  7.35667E-04,  1.54108E-03,  2.30465E-03,  3.02034E-03,  3.68247E-03,  4.28604E-03,  4.82690E-03,  5.30199E-03,  5.70946E-03,  6.04885E-03,  6.32106E-03,  6.52833E-03,  6.67409E-03,  6.76280E-03,  6.79972E-03,  6.79061E-03,  6.74154E-03,  6.65860E-03,  6.54772E-03,  6.41451E-03,  6.26412E-03,  6.10118E-03,  5.92977E-03,  5.75337E-03,  5.57491E-03,  5.39680E-03,  5.22098E-03,  5.04895E-03,  4.88183E-03,  4.72046E-03,  4.56537E-03,  4.41689E-03,  4.27519E-03,  4.14028E-03,  4.01206E-03,  3.89035E-03,  3.77494E-03,  3.66553E-03,  3.56184E-03,  3.46354E-03,  3.37033E-03,  3.28188E-03,  3.19789E-03,  3.11806E-03,  3.04210E-03,
 -9.64803E-03, -9.90138E-03, -1.01597E-02, -1.04227E-02, -1.06899E-02, -1.09609E-02, -1.12353E-02, -1.15123E-02, -1.17912E-02, -1.20712E-02, -1.23514E-02, -1.26307E-02, -1.29078E-02, -1.31816E-02, -1.34503E-02, -1.37125E-02, -1.39662E-02, -1.42095E-02, -1.44402E-02, -1.46559E-02, -1.48540E-02, -1.50319E-02, -1.51866E-02, -1.53150E-02, -1.54140E-02, -1.54803E-02, -1.55106E-02, -1.55016E-02, -1.54501E-02, -1.53532E-02, -1.52081E-02, -1.50126E-02, -1.47648E-02, -1.44634E-02, -1.41078E-02, -1.36979E-02, -1.32346E-02, -1.27194E-02, -1.21543E-02, -1.15423E-02, -1.08866E-02, -1.01912E-02, -9.46026E-03, -8.69844E-03, -7.91049E-03, -7.10137E-03, -6.27611E-03, -5.43982E-03, -4.59765E-03, -3.75479E-03, -2.91653E-03, -2.08818E-03, -1.27517E-03, -4.82953E-04,  2.82951E-04,  1.01708E-03,  1.71408E-03,  2.36886E-03,  2.97676E-03,  3.53363E-03,  4.03612E-03,  4.48170E-03,  4.86889E-03,  5.19726E-03,  5.46748E-03,  5.68127E-03,  5.84132E-03,  5.95115E-03,  6.01492E-03,  6.03729E-03,  6.02314E-03,  5.97748E-03,  5.90524E-03,  5.81112E-03,  5.69954E-03,  5.57451E-03,  5.43963E-03,  5.29802E-03,  5.15240E-03,  5.00502E-03,  4.85776E-03,  4.71211E-03,  4.56928E-03,  4.43014E-03,  4.29537E-03,  4.16542E-03,  4.04057E-03,  3.92098E-03,  3.80668E-03,  3.69764E-03,  3.59373E-03,  3.49480E-03,  3.40066E-03,  3.31109E-03,  3.22585E-03,  3.14472E-03,  3.06745E-03,  2.99380E-03,  2.92356E-03,
 -9.40424E-03, -9.64269E-03, -9.88530E-03, -1.01317E-02, -1.03815E-02, -1.06343E-02, -1.08895E-02, -1.11464E-02, -1.14044E-02, -1.16625E-02, -1.19200E-02, -1.21757E-02, -1.24286E-02, -1.26772E-02, -1.29202E-02, -1.31561E-02, -1.33831E-02, -1.35993E-02, -1.38028E-02, -1.39913E-02, -1.41627E-02, -1.43143E-02, -1.44436E-02, -1.45479E-02, -1.46244E-02, -1.46704E-02, -1.46828E-02, -1.46591E-02, -1.45965E-02, -1.44926E-02, -1.43451E-02, -1.41523E-02, -1.39125E-02, -1.36249E-02, -1.32891E-02, -1.29051E-02, -1.24738E-02, -1.19963E-02, -1.14747E-02, -1.09115E-02, -1.03095E-02, -9.67208E-03, -9.00305E-03, -8.30641E-03, -7.58637E-03, -6.84733E-03, -6.09382E-03, -5.33043E-03, -4.56181E-03, -3.79268E-03, -3.02782E-03, -2.27201E-03, -1.53011E-03, -8.06963E-04, -1.07390E-04,  5.63869E-04,  1.20224E-03,  1.80341E-03,  2.36346E-03,  2.87896E-03,  3.34711E-03,  3.76582E-03,  4.13385E-03,  4.45079E-03,  4.71714E-03,  4.93422E-03,  5.10414E-03,  5.22969E-03,  5.31420E-03,  5.36140E-03,  5.37531E-03,  5.36003E-03,  5.31965E-03,  5.25815E-03,  5.17929E-03,  5.08654E-03,  4.98306E-03,  4.87166E-03,  4.75479E-03,  4.63456E-03,  4.51274E-03,  4.39081E-03,  4.26994E-03,  4.15109E-03,  4.03498E-03,  3.92215E-03,  3.81299E-03,  3.70775E-03,  3.60656E-03,  3.50950E-03,  3.41654E-03,  3.32762E-03,  3.24265E-03,  3.16147E-03,  3.08394E-03,  3.00989E-03,  2.93915E-03,  2.87153E-03,  2.80686E-03,
 -9.16461E-03, -9.38891E-03, -9.61662E-03, -9.84739E-03, -1.00808E-02, -1.03164E-02, -1.05536E-02, -1.07917E-02, -1.10302E-02, -1.12681E-02, -1.15045E-02, -1.17386E-02, -1.19690E-02, -1.21947E-02, -1.24143E-02, -1.26263E-02, -1.28292E-02, -1.30211E-02, -1.32003E-02, -1.33648E-02, -1.35124E-02, -1.36411E-02, -1.37484E-02, -1.38320E-02, -1.38895E-02, -1.39184E-02, -1.39163E-02, -1.38808E-02, -1.38097E-02, -1.37011E-02, -1.35529E-02, -1.33639E-02, -1.31327E-02, -1.28588E-02, -1.25417E-02, -1.21818E-02, -1.17797E-02, -1.13366E-02, -1.08544E-02, -1.03350E-02, -9.78118E-03, -9.19583E-03, -8.58223E-03, -7.94393E-03, -7.28469E-03, -6.60842E-03, -5.91915E-03, -5.22103E-03, -4.51825E-03, -3.81507E-03, -3.11577E-03, -2.42468E-03, -1.74610E-03, -1.08433E-03, -4.43610E-04,  1.71943E-04,  7.58392E-04,  1.31206E-03,  1.82961E-03,  2.30816E-03,  2.74535E-03,  3.13943E-03,  3.48933E-03,  3.79466E-03,  4.05576E-03,  4.27365E-03,  4.45000E-03,  4.58701E-03,  4.68737E-03,  4.75410E-03,  4.79048E-03,  4.79990E-03,  4.78577E-03,  4.75144E-03,  4.70012E-03,  4.63482E-03,  4.55831E-03,  4.47307E-03,  4.38133E-03,  4.28501E-03,  4.18579E-03,  4.08507E-03,  3.98403E-03,  3.88360E-03,  3.78456E-03,  3.68750E-03,  3.59287E-03,  3.50099E-03,  3.41209E-03,  3.32631E-03,  3.24372E-03,  3.16432E-03,  3.08809E-03,  3.01495E-03,  2.94484E-03,  2.87762E-03,  2.81319E-03,  2.75141E-03,  2.69216E-03,
 -8.92943E-03, -9.14029E-03, -9.35390E-03, -9.56990E-03, -9.78786E-03, -1.00073E-02, -1.02277E-02, -1.04483E-02, -1.06686E-02, -1.08877E-02, -1.11047E-02, -1.13188E-02, -1.15287E-02, -1.17335E-02, -1.19317E-02, -1.21221E-02, -1.23032E-02, -1.24733E-02, -1.26309E-02, -1.27740E-02, -1.29008E-02, -1.30094E-02, -1.30977E-02, -1.31635E-02, -1.32048E-02, -1.32195E-02, -1.32054E-02, -1.31607E-02, -1.30833E-02, -1.29717E-02, -1.28243E-02, -1.26399E-02, -1.24176E-02, -1.21569E-02, -1.18576E-02, -1.15200E-02, -1.11448E-02, -1.07332E-02, -1.02865E-02, -9.80680E-03, -9.29635E-03, -8.75776E-03, -8.19392E-03, -7.60798E-03, -7.00327E-03, -6.38329E-03, -5.75164E-03, -5.11205E-03, -4.46827E-03, -3.82414E-03, -3.18352E-03, -2.55025E-03, -1.92820E-03, -1.32116E-03, -7.32849E-04, -1.66872E-04,  3.73362E-04,  8.84688E-04,  1.36426E-03,  1.80960E-03,  2.21872E-03,  2.59012E-03,  2.92284E-03,  3.21652E-03,  3.47138E-03,  3.68820E-03,  3.86828E-03,  4.01340E-03,  4.12570E-03,  4.20766E-03,  4.26195E-03,  4.29139E-03,  4.29884E-03,  4.28711E-03,  4.25895E-03,  4.21695E-03,  4.16354E-03,  4.10091E-03,  4.03107E-03,  3.95578E-03,  3.87658E-03,  3.79479E-03,  3.71156E-03,  3.62781E-03,  3.54432E-03,  3.46172E-03,  3.38049E-03,  3.30102E-03,  3.22358E-03,  3.14838E-03,  3.07555E-03,  3.00516E-03,  2.93724E-03,  2.87178E-03,  2.80875E-03,  2.74810E-03,  2.68975E-03,  2.63361E-03,  2.57960E-03,
