  2.85527E-03,  2.88897E-03,  2.92248E-03,  2.95582E-03,  2.98899E-03,  3.02202E-03,  3.05494E-03,  3.08780E-03,  3.12068E-03,  3.15364E-03,  3.18678E-03,  3.22023E-03,  3.25410E-03,  3.28853E-03,  3.32368E-03,  3.35971E-03,  3.39679E-03,  3.43508E-03,  3.47474E-03,  3.51590E-03,  3.55868E-03,  3.60314E-03,  3.64932E-03,  3.69715E-03,  3.74650E-03,  3.79714E-03,  3.84870E-03,  3.90070E-03,  3.95248E-03,  4.00324E-03,  4.05198E-03,  4.09754E-03,  4.13857E-03,  4.17355E-03,  4.20081E-03,  4.21855E-03,  4.22491E-03,  4.21797E-03,  4.19582E-03,  4.15664E-03,  4.09877E-03,  4.02073E-03,  3.92132E-03,  3.79968E-03,  3.65530E-03,  3.48805E-03,  3.29821E-03,  3.08647E-03,  2.85387E-03,  2.60181E-03,  2.33196E-03,  2.04624E-03,  1.74676E-03,  1.43572E-03,  1.11543E-03,  7.88193E-04,  4.56290E-04,  1.21941E-04, -2.12732E-04, -5.45724E-04, -8.75166E-04, -1.19934E-03, -1.51668E-03, -1.82579E-03, -2.12542E-03, -2.41449E-03, -2.69207E-03, -2.95739E-03, -3.20982E-03, -3.44885E-03, -3.67413E-03, -3.88542E-03, -4.08256E-03, -4.26555E-03, -4.43445E-03, -4.58940E-03, -4.73064E-03, -4.85845E-03, -4.97319E-03, -5.07526E-03, -5.16511E-03, -5.24320E-03, -5.31005E-03, -5.36618E-03, -5.41212E-03, -5.44842E-03, -5.47561E-03, -5.49426E-03, -5.50490E-03, -5.50805E-03, -5.50424E-03, -5.49397E-03, -5.47774E-03,
  2.95104E-03,  2.98732E-03,  3.02342E-03,  3.05937E-03,  3.09516E-03,  3.13083E-03,  3.16642E-03,  3.20199E-03,  3.23760E-03,  3.27336E-03,  3.30938E-03,  3.34579E-03,  3.38275E-03,  3.42043E-03,  3.45902E-03,  3.49873E-03,  3.53977E-03,  3.58236E-03,  3.62673E-03,  3.67308E-03,  3.72157E-03,  3.77237E-03,  3.82555E-03,  3.88113E-03,  3.93904E-03,  3.99907E-03,  4.06092E-03,  4.12408E-03,  4.18791E-03,  4.25154E-03,  4.31390E-03,  4.37368E-03,  4.42938E-03,  4.47925E-03,  4.52135E-03,  4.55359E-03,  4.57373E-03,  4.57948E-03,  4.56855E-03,  4.53871E-03,  4.48792E-03,  4.41435E-03,  4.31652E-03,  4.19334E-03,  4.04413E-03,  3.86874E-03,  3.66746E-03,  3.44110E-03,  3.19091E-03,  2.91853E-03,  2.62598E-03,  2.31552E-03,  1.98964E-03,  1.65093E-03,  1.30208E-03,  9.45750E-04,  5.84565E-04,  2.21055E-04, -1.42379E-04, -5.03488E-04, -8.60193E-04, -1.21059E-03, -1.55298E-03, -1.88583E-03, -2.20781E-03, -2.51776E-03, -2.81471E-03, -3.09785E-03, -3.36654E-03, -3.62029E-03, -3.85876E-03, -4.08172E-03, -4.28908E-03, -4.48088E-03, -4.65722E-03, -4.81833E-03, -4.96451E-03, -5.09610E-03, -5.21356E-03, -5.31734E-03, -5.40798E-03, -5.48602E-03, -5.55205E-03, -5.60666E-03, -5.65045E-03, -5.68405E-03, -5.70806E-03, -5.72310E-03, -5.72975E-03, -5.72860E-03, -5.72022E-03, -5.70517E-03, -5.68397E-03,
  3.05017E-03,  3.08916E-03,  3.12800E-03,  3.16669E-03,  3.20524E-03,  3.24368E-03,  3.28206E-03,  3.32043E-03,  3.35889E-03,  3.39754E-03,  3.43651E-03,  3.47596E-03,  3.51608E-03,  3.55707E-03,  3.59916E-03,  3.64262E-03,  3.68771E-03,  3.73472E-03,  3.78395E-03,  3.83567E-03,  3.89014E-03,  3.94760E-03,  4.00823E-03,  4.07212E-03,  4.13927E-03,  4.20957E-03,  4.28275E-03,  4.35834E-03,  4.43570E-03,  4.51391E-03,  4.59183E-03,  4.66803E-03,  4.74081E-03,  4.80817E-03,  4.86788E-03,  4.91746E-03,  4.95427E-03,  4.97556E-03,  4.97854E-03,  4.96051E-03,  4.91893E-03,  4.85155E-03,  4.75653E-03,  4.63246E-03,  4.47852E-03,  4.29444E-03,  4.08059E-03,  3.83792E-03,  3.56792E-03,  3.27259E-03,  2.95432E-03,  2.61584E-03,  2.26007E-03,  1.89010E-03,  1.50904E-03,  1.12000E-03,  7.26000E-04,  3.29913E-04, -6.55419E-05, -4.57844E-04, -8.44684E-04, -1.22397E-03, -1.59384E-03, -1.95264E-03, -2.29895E-03, -2.63154E-03, -2.94941E-03, -3.25171E-03, -3.53780E-03, -3.80721E-03, -4.05962E-03, -4.29485E-03, -4.51286E-03, -4.71374E-03, -4.89769E-03, -5.06498E-03, -5.21600E-03, -5.35120E-03, -5.47110E-03, -5.57625E-03, -5.66727E-03, -5.74479E-03, -5.80949E-03, -5.86204E-03, -5.90313E-03, -5.93344E-03, -5.95367E-03, -5.96448E-03, -5.96654E-03, -5.96049E-03, -5.94696E-03, -5.92654E-03, -5.89981E-03,
  3.15281E-03,  3.19468E-03,  3.23641E-03,  3.27799E-03,  3.31944E-03,  3.36079E-03,  3.40208E-03,  3.44338E-03,  3.48478E-03,  3.52641E-03,  3.56841E-03,  3.61096E-03,  3.65429E-03,  3.69863E-03,  3.74427E-03,  3.79151E-03,  3.84071E-03,  3.89221E-03,  3.94639E-03,  4.00364E-03,  4.06430E-03,  4.12872E-03,  4.19719E-03,  4.26993E-03,  4.34703E-03,  4.42847E-03,  4.51408E-03,  4.60344E-03,  4.69592E-03,  4.79061E-03,  4.88629E-03,  4.98139E-03,  5.07401E-03,  5.16190E-03,  5.24245E-03,  5.31277E-03,  5.36972E-03,  5.40997E-03,  5.43016E-03,  5.42696E-03,  5.39724E-03,  5.33821E-03,  5.24754E-03,  5.12347E-03,  4.96493E-03,  4.77158E-03,  4.54384E-03,  4.28284E-03,  3.99041E-03,  3.66898E-03,  3.32143E-03,  2.95104E-03,  2.56130E-03,  2.15587E-03,  1.73840E-03,  1.31249E-03,  8.81628E-04,  4.49088E-04,  1.79398E-05, -4.09000E-04, -8.29173E-04, -1.24029E-03, -1.64031E-03, -2.02748E-03, -2.40028E-03, -2.75742E-03, -3.09785E-03, -3.42072E-03, -3.72541E-03, -4.01145E-03, -4.27857E-03, -4.52666E-03, -4.75572E-03, -4.96594E-03, -5.15758E-03, -5.33102E-03, -5.48674E-03, -5.62528E-03, -5.74727E-03, -5.85336E-03, -5.94427E-03, -6.02073E-03, -6.08351E-03, -6.13337E-03, -6.17110E-03, -6.19747E-03, -6.21324E-03, -6.21915E-03, -6.21595E-03, -6.20433E-03, -6.18498E-03, -6.15855E-03, -6.12567E-03,
  3.25914E-03,  3.30407E-03,  3.34885E-03,  3.39350E-03,  3.43801E-03,  3.48241E-03,  3.52675E-03,  3.57109E-03,  3.61555E-03,  3.66024E-03,  3.70534E-03,  3.75105E-03,  3.79762E-03,  3.84534E-03,  3.89453E-03,  3.94557E-03,  3.99888E-03,  4.05489E-03,  4.11407E-03,  4.17693E-03,  4.24393E-03,  4.31555E-03,  4.39222E-03,  4.47428E-03,  4.56200E-03,  4.65547E-03,  4.75463E-03,  4.85916E-03,  4.96850E-03,  5.08174E-03,  5.19760E-03,  5.31441E-03,  5.43006E-03,  5.54198E-03,  5.64719E-03,  5.74228E-03,  5.82352E-03,  5.88690E-03,  5.92832E-03,  5.94369E-03,  5.92913E-03,  5.88114E-03,  5.79679E-03,  5.67386E-03,  5.51097E-03,  5.30767E-03,  5.06445E-03,  4.78272E-03,  4.46472E-03,  4.11342E-03,  3.73235E-03,  3.32545E-03,  2.89695E-03,  2.45115E-03,  1.99238E-03,  1.52482E-03,  1.05247E-03,  5.79083E-04,  1.08104E-04, -3.57325E-04, -8.14382E-04, -1.26057E-03, -1.69369E-03, -2.11186E-03, -2.51347E-03, -2.89720E-03, -3.26196E-03, -3.60690E-03, -3.93142E-03, -4.23510E-03, -4.51771E-03, -4.77922E-03, -5.01971E-03, -5.23946E-03, -5.43883E-03, -5.61831E-03, -5.77849E-03, -5.92003E-03, -6.04367E-03, -6.15017E-03, -6.24038E-03, -6.31513E-03, -6.37530E-03, -6.42176E-03, -6.45539E-03, -6.47705E-03, -6.48759E-03, -6.48785E-03, -6.47863E-03, -6.46070E-03, -6.43482E-03, -6.40168E-03, -6.36197E-03,
  3.36936E-03,  3.41753E-03,  3.46557E-03,  3.51347E-03,  3.56121E-03,  3.60883E-03,  3.65636E-03,  3.70389E-03,  3.75151E-03,  3.79936E-03,  3.84763E-03,  3.89654E-03,  3.94637E-03,  3.99746E-03,  4.05018E-03,  4.10498E-03,  4.16235E-03,  4.22282E-03,  4.28699E-03,  4.35546E-03,  4.42887E-03,  4.50785E-03,  4.59298E-03,  4.68480E-03,  4.78373E-03,  4.89008E-03,  5.00392E-03,  5.12509E-03,  5.25312E-03,  5.38714E-03,  5.52589E-03,  5.66756E-03,  5.80986E-03,  5.94990E-03,  6.08423E-03,  6.20888E-03,  6.31940E-03,  6.41096E-03,  6.47854E-03,  6.51711E-03,  6.52181E-03,  6.48825E-03,  6.41272E-03,  6.29239E-03,  6.12551E-03,  5.91148E-03,  5.65090E-03,  5.34554E-03,  4.99817E-03,  4.61247E-03,  4.19278E-03,  3.74392E-03,  3.27097E-03,  2.77907E-03,  2.27332E-03,  1.75860E-03,  1.23950E-03,  7.20279E-04,  2.04820E-04, -3.03395E-04, -8.01272E-04, -1.28610E-03, -1.75552E-03, -2.20755E-03, -2.64050E-03, -3.05300E-03, -3.44395E-03, -3.81254E-03, -4.15818E-03, -4.48051E-03, -4.77939E-03, -5.05485E-03, -5.30710E-03, -5.53651E-03, -5.74357E-03, -5.92890E-03, -6.09321E-03, -6.23730E-03, -6.36202E-03, -6.46831E-03, -6.55710E-03, -6.62938E-03, -6.68614E-03, -6.72837E-03, -6.75705E-03, -6.77315E-03, -6.77762E-03, -6.77137E-03, -6.75530E-03, -6.73025E-03, -6.69703E-03, -6.65641E-03, -6.60913E-03,
  3.48368E-03,  3.53532E-03,  3.58682E-03,  3.63816E-03,  3.68934E-03,  3.74036E-03,  3.79126E-03,  3.84211E-03,  3.89302E-03,  3.94412E-03,  3.99563E-03,  4.04778E-03,  4.10088E-03,  4.15531E-03,  4.21150E-03,  4.26997E-03,  4.33129E-03,  4.39612E-03,  4.46515E-03,  4.53917E-03,  4.61895E-03,  4.70532E-03,  4.79907E-03,  4.90096E-03,  5.01164E-03,  5.13163E-03,  5.26125E-03,  5.40053E-03,  5.54915E-03,  5.70637E-03,  5.87094E-03,  6.04101E-03,  6.21408E-03,  6.38693E-03,  6.55563E-03,  6.71552E-03,  6.86132E-03,  6.98720E-03,  7.08701E-03,  7.15449E-03,  7.18358E-03,  7.16872E-03,  7.10519E-03,  6.98937E-03,  6.81901E-03,  6.59334E-03,  6.31311E-03,  5.98055E-03,  5.59918E-03,  5.17359E-03,  4.70917E-03,  4.21182E-03,  3.68770E-03,  3.14298E-03,  2.58365E-03,  2.01542E-03,  1.44356E-03,  8.72882E-04,  3.07732E-04, -2.48049E-04, -7.91090E-04, -1.31847E-03, -1.82770E-03, -2.31667E-03, -2.78365E-03, -3.22725E-03, -3.64638E-03, -4.04025E-03, -4.40833E-03, -4.75034E-03, -5.06623E-03, -5.35615E-03, -5.62042E-03, -5.85955E-03, -6.07417E-03, -6.26504E-03, -6.43302E-03, -6.57908E-03, -6.70422E-03, -6.80952E-03, -6.89607E-03, -6.96499E-03, -7.01741E-03, -7.05445E-03, -7.07721E-03, -7.08679E-03, -7.08422E-03, -7.07052E-03, -7.04667E-03, -7.01359E-03, -6.97216E-03, -6.92323E-03, -6.86756E-03,
  3.60233E-03,  3.65767E-03,  3.71288E-03,  3.76791E-03,  3.82273E-03,  3.87736E-03,  3.93182E-03,  3.98616E-03,  4.04050E-03,  4.09497E-03,  4.14978E-03,  4.20520E-03,  4.26156E-03,  4.31927E-03,  4.37883E-03,  4.44083E-03,  4.50593E-03,  4.57491E-03,  4.64861E-03,  4.72796E-03,  4.81395E-03,  4.90761E-03,  5.01000E-03,  5.12212E-03,  5.24493E-03,  5.37924E-03,  5.52564E-03,  5.68446E-03,  5.85562E-03,  6.03857E-03,  6.23215E-03,  6.43451E-03,  6.64299E-03,  6.85406E-03,  7.06324E-03,  7.26512E-03,  7.45341E-03,  7.62109E-03,  7.76058E-03,  7.86410E-03,  7.92402E-03,  7.93326E-03,  7.88577E-03,  7.77692E-03,  7.60377E-03,  7.36536E-03,  7.06266E-03,  6.69853E-03,  6.27747E-03,  5.80529E-03,  5.28872E-03,  4.73506E-03,  4.15180E-03,  3.54635E-03,  2.92581E-03,  2.29678E-03,  1.66531E-03,  1.03684E-03,  4.16182E-04, -1.92459E-04, -7.85440E-04, -1.35965E-03, -1.91247E-03, -2.44171E-03, -2.94562E-03, -3.42278E-03, -3.87216E-03, -4.29301E-03, -4.68488E-03, -5.04760E-03, -5.38122E-03, -5.68603E-03, -5.96251E-03, -6.21130E-03, -6.43322E-03, -6.62920E-03, -6.80028E-03, -6.94758E-03, -7.07231E-03, -7.17570E-03, -7.25901E-03, -7.32354E-03, -7.37055E-03, -7.40132E-03, -7.41707E-03, -7.41902E-03, -7.40834E-03, -7.38613E-03, -7.35347E-03, -7.31137E-03, -7.26078E-03, -7.20260E-03, -7.13768E-03,
  3.72555E-03,  3.78487E-03,  3.84405E-03,  3.90303E-03,  3.96176E-03,  4.02024E-03,  4.07847E-03,  4.13651E-03,  4.19443E-03,  4.25239E-03,  4.31059E-03,  4.36931E-03,  4.42890E-03,  4.48982E-03,  4.55261E-03,  4.61794E-03,  4.68657E-03,  4.75940E-03,  4.83743E-03,  4.92178E-03,  5.01365E-03,  5.11433E-03,  5.22517E-03,  5.34751E-03,  5.48263E-03,  5.63173E-03,  5.79579E-03,  5.97548E-03,  6.17110E-03,  6.38237E-03,  6.60835E-03,  6.84726E-03,  7.09635E-03,  7.35180E-03,  7.60856E-03,  7.86039E-03,  8.09984E-03,  8.31841E-03,  8.50678E-03,  8.65523E-03,  8.75408E-03,  8.79428E-03,  8.76802E-03,  8.66929E-03,  8.49430E-03,  8.24181E-03,  7.91311E-03,  7.51196E-03,  7.04416E-03,  6.51715E-03,  5.93943E-03,  5.32005E-03,  4.66820E-03,  3.99277E-03,  3.30213E-03,  2.60396E-03,  1.90514E-03,  1.21177E-03,  5.29128E-04, -1.38206E-04, -7.86351E-04, -1.41203E-03, -2.01253E-03, -2.58561E-03, -3.12951E-03, -3.64286E-03, -4.12464E-03, -4.57422E-03, -4.99125E-03, -5.37567E-03, -5.72769E-03, -6.04775E-03, -6.33651E-03, -6.59480E-03, -6.82362E-03, -7.02412E-03, -7.19753E-03, -7.34520E-03, -7.46850E-03, -7.56889E-03, -7.64782E-03, -7.70674E-03, -7.74711E-03, -7.77036E-03, -7.77786E-03, -7.77096E-03, -7.75095E-03, -7.71906E-03, -7.67646E-03, -7.62424E-03, -7.56343E-03, -7.49502E-03, -7.41989E-03,
  3.85360E-03,  3.91721E-03,  3.98067E-03,  4.04390E-03,  4.10684E-03,  4.16945E-03,  4.23171E-03,  4.29366E-03,  4.35537E-03,  4.41696E-03,  4.47865E-03,  4.54070E-03,  4.60350E-03,  4.66752E-03,  4.73337E-03,  4.80177E-03,  4.87360E-03,  4.94988E-03,  5.03178E-03,  5.12061E-03,  5.21785E-03,  5.32506E-03,  5.44394E-03,  5.57620E-03,  5.72356E-03,  5.88768E-03,  6.07001E-03,  6.27173E-03,  6.49361E-03,  6.73579E-03,  6.99768E-03,  7.27770E-03,  7.57314E-03,  7.87993E-03,  8.19249E-03,  8.50365E-03,  8.80462E-03,  9.08515E-03,  9.33375E-03,  9.53822E-03,  9.68625E-03,  9.76615E-03,  9.76779E-03,  9.68327E-03,  9.50768E-03,  9.23941E-03,  8.88027E-03,  8.43523E-03,  7.91191E-03,  7.31991E-03,  6.67004E-03,  5.97364E-03,  5.24196E-03,  4.48570E-03,  3.71472E-03,  2.93789E-03,  2.16300E-03,  1.39680E-03,  6.45044E-04, -8.73706E-05, -7.96357E-04, -1.47852E-03, -2.13108E-03, -2.75181E-03, -3.33896E-03, -3.89121E-03, -4.40766E-03, -4.88777E-03, -5.33131E-03, -5.73839E-03, -6.10940E-03, -6.44496E-03, -6.74594E-03, -7.01339E-03, -7.24856E-03, -7.45280E-03, -7.62760E-03, -7.77453E-03, -7.89521E-03, -7.99130E-03, -8.06448E-03, -8.11641E-03, -8.14873E-03, -8.16303E-03, -8.16087E-03, -8.14375E-03, -8.11307E-03, -8.07019E-03, -8.01638E-03, -7.95283E-03, -7.88067E-03, -7.80092E-03, -7.71456E-03,
  3.98677E-03,  4.05502E-03,  4.12311E-03,  4.19094E-03,  4.25842E-03,  4.32548E-03,  4.39208E-03,  4.45822E-03,  4.52395E-03,  4.58937E-03,  4.65466E-03,  4.72011E-03,  4.78609E-03,  4.85310E-03,  4.92179E-03,  4.99295E-03,  5.06756E-03,  5.14676E-03,  5.23191E-03,  5.32454E-03,  5.42640E-03,  5.53939E-03,  5.66558E-03,  5.80715E-03,  5.96633E-03,  6.14533E-03,  6.34622E-03,  6.57082E-03,  6.82051E-03,  7.09605E-03,  7.39738E-03,  7.72332E-03,  8.07133E-03,  8.43723E-03,  8.81497E-03,  9.19641E-03,  9.57128E-03,  9.92720E-03,  1.02501E-02,  1.05245E-02,  1.07346E-02,  1.08654E-02,  1.09035E-02,  1.08386E-02,  1.06640E-02,  1.03778E-02,  9.98250E-03,  9.48486E-03,  8.89498E-03,  8.22538E-03,  7.48994E-03,  6.70289E-03,  5.87807E-03,  5.02834E-03,  4.16526E-03,  3.29900E-03,  2.43828E-03,  1.59048E-03,  7.61796E-04, -4.26352E-05, -8.18586E-04, -1.56261E-03, -2.27192E-03, -2.94432E-03, -3.57815E-03, -4.17217E-03, -4.72560E-03, -5.23804E-03, -5.70943E-03, -6.14008E-03, -6.53056E-03, -6.88174E-03, -7.19472E-03, -7.47083E-03, -7.71156E-03, -7.91855E-03, -8.09355E-03, -8.23842E-03, -8.35503E-03, -8.44531E-03, -8.51116E-03, -8.55447E-03, -8.57711E-03, -8.58086E-03, -8.56746E-03, -8.53855E-03, -8.49570E-03, -8.44038E-03, -8.37399E-03, -8.29780E-03, -8.21303E-03, -8.12077E-03, -8.02205E-03,
  4.12535E-03,  4.19863E-03,  4.27175E-03,  4.34458E-03,  4.41700E-03,  4.48890E-03,  4.56020E-03,  4.63086E-03,  4.70089E-03,  4.77037E-03,  4.83945E-03,  4.90838E-03,  4.97753E-03,  5.04742E-03,  5.11871E-03,  5.19226E-03,  5.26914E-03,  5.35062E-03,  5.43824E-03,  5.53376E-03,  5.63923E-03,  5.75693E-03,  5.88936E-03,  6.03922E-03,  6.20935E-03,  6.40263E-03,  6.62189E-03,  6.86974E-03,  7.14840E-03,  7.45946E-03,  7.80362E-03,  8.18033E-03,  8.58749E-03,  9.02103E-03,  9.47454E-03,  9.93896E-03,  1.04024E-02,  1.08500E-02,  1.12643E-02,  1.16261E-02,  1.19149E-02,  1.21110E-02,  1.21967E-02,  1.21581E-02,  1.19866E-02,  1.16797E-02,  1.12409E-02,  1.06795E-02,  1.00091E-02,  9.24626E-03,  8.40882E-03,  7.51478E-03,  6.58113E-03,  5.62328E-03,  4.65471E-03,  3.68693E-03,  2.72958E-03,  1.79061E-03,  8.76525E-04, -7.38570E-06, -8.56853E-04, -1.66845E-03, -2.43947E-03, -3.16781E-03, -3.85190E-03, -4.49066E-03, -5.08345E-03, -5.63004E-03, -6.13059E-03, -6.58561E-03, -6.99592E-03, -7.36267E-03, -7.68724E-03, -7.97125E-03, -8.21652E-03, -8.42500E-03, -8.59876E-03, -8.73996E-03, -8.85079E-03, -8.93344E-03, -8.99012E-03, -9.02297E-03, -9.03407E-03, -9.02544E-03, -8.99900E-03, -8.95657E-03, -8.89988E-03, -8.83053E-03, -8.75002E-03, -8.65976E-03, -8.56101E-03, -8.45497E-03, -8.34271E-03,
  4.26965E-03,  4.34841E-03,  4.42702E-03,  4.50532E-03,  4.58314E-03,  4.66032E-03,  4.73676E-03,  4.81235E-03,  4.88705E-03,  4.96089E-03,  5.03397E-03,  5.10652E-03,  5.17887E-03,  5.25153E-03,  5.32517E-03,  5.40070E-03,  5.47926E-03,  5.56225E-03,  5.65137E-03,  5.74865E-03,  5.85644E-03,  5.97741E-03,  6.11457E-03,  6.27122E-03,  6.45087E-03,  6.65724E-03,  6.89403E-03,  7.16488E-03,  7.47305E-03,  7.82123E-03,  8.21120E-03,  8.64338E-03,  9.11644E-03,  9.62672E-03,  1.01677E-02,  1.07296E-02,  1.12987E-02,  1.18575E-02,  1.23846E-02,  1.28555E-02,  1.32439E-02,  1.35238E-02,  1.36715E-02,  1.36684E-02,  1.35027E-02,  1.31713E-02,  1.26795E-02,  1.20400E-02,  1.12714E-02,  1.03957E-02,  9.43627E-03,  8.41569E-03,  7.35486E-03,  6.27210E-03,  5.18296E-03,  4.10030E-03,  3.03454E-03,  1.99406E-03,  9.85512E-04,  1.41824E-05, -9.15742E-04, -1.80096E-03, -2.63891E-03, -3.42765E-03, -4.16575E-03, -4.85232E-03, -5.48690E-03, -6.06947E-03, -6.60041E-03, -7.08049E-03, -7.51083E-03, -7.89288E-03, -8.22837E-03, -8.51927E-03, -8.76775E-03, -8.97615E-03, -9.14689E-03, -9.28250E-03, -9.38551E-03, -9.45845E-03, -9.50382E-03, -9.52405E-03, -9.52150E-03, -9.49842E-03, -9.45693E-03, -9.39904E-03, -9.32665E-03, -9.24150E-03, -9.14522E-03, -9.03929E-03, -8.92510E-03, -8.80389E-03, -8.67680E-03,
  4.41999E-03,  4.50473E-03,  4.58936E-03,  4.67367E-03,  4.75743E-03,  4.84044E-03,  4.92253E-03,  5.00354E-03,  5.08336E-03,  5.16194E-03,  5.23934E-03,  5.31571E-03,  5.39135E-03,  5.46671E-03,  5.54247E-03,  5.61954E-03,  5.69912E-03,  5.78272E-03,  5.87221E-03,  5.96986E-03,  6.07833E-03,  6.20074E-03,  6.34063E-03,  6.50195E-03,  6.68904E-03,  6.90652E-03,  7.15919E-03,  7.45190E-03,  7.78924E-03,  8.17533E-03,  8.61338E-03,  9.10522E-03,  9.65073E-03,  1.02471E-02,  1.08883E-02,  1.15638E-02,  1.22585E-02,  1.29516E-02,  1.36172E-02,NA,NA,NA,NA,NA,NA,NA,NA,NA,  1.26992E-02,  1.16866E-02,  1.05808E-02,  9.41062E-03,  8.20142E-03,  6.97481E-03,  5.74844E-03,  4.53637E-03,  3.34959E-03,  2.19663E-03,  1.08406E-03,  1.69708E-05, -1.00069E-03, -1.96587E-03, -2.87623E-03, -3.73003E-03, -4.52607E-03, -5.26363E-03, -5.94246E-03, -6.56279E-03, -7.12527E-03, -7.63095E-03, -8.08131E-03, -8.47815E-03, -8.82359E-03, -9.12002E-03, -9.37004E-03, -9.57640E-03, -9.74198E-03, -9.86969E-03, -9.96247E-03, -1.00232E-02, -1.00548E-02, -1.00600E-02, -1.00414E-02, -1.00015E-02, -9.94268E-03, -9.86718E-03, -9.77703E-03, -9.67414E-03, -9.56026E-03, -9.43697E-03, -9.30574E-03, -9.16788E-03, -9.02459E-03,
  4.57670E-03,  4.66801E-03,  4.75926E-03,  4.85018E-03,  4.94052E-03,  5.03000E-03,  5.11836E-03,  5.20539E-03,  5.29089E-03,  5.37473E-03,  5.45686E-03,  5.53736E-03,  5.61645E-03,  5.69451E-03,  5.77218E-03,  5.85035E-03,  5.93025E-03,  6.01346E-03,  6.10201E-03,  6.19837E-03,  6.30556E-03,  6.42711E-03,  6.56715E-03,  6.73036E-03,  6.92196E-03,  7.14766E-03,  7.41351E-03,  7.72581E-03,  8.09079E-03,  8.51436E-03,  9.00161E-03,  9.55629E-03,  1.01801E-02,  1.08718E-02,  1.16262E-02,  1.24329E-02,NA,NA,NA,NA,NA,NA,NA,NA,NA,NA,NA,NA,NA,NA,  1.18488E-02,  1.05021E-02,  9.12053E-03,  7.72918E-03,  6.34761E-03,  4.99073E-03,  3.66972E-03,  2.39288E-03,  1.16639E-03, -5.09223E-06, -1.11806E-03, -2.16980E-03, -3.15830E-03, -4.08205E-03, -4.94009E-03, -5.73191E-03, -6.45751E-03, -7.11736E-03, -7.71240E-03, -8.24405E-03, -8.71415E-03, -9.12494E-03, -9.47900E-03, -9.77920E-03, -1.00286E-02, -1.02306E-02, -1.03884E-02, -1.05055E-02, -1.05852E-02, -1.06309E-02, -1.06459E-02, -1.06331E-02, -1.05957E-02, -1.05364E-02, -1.04577E-02, -1.03622E-02, -1.02520E-02, -1.01293E-02, -9.99580E-03, -9.85329E-03, -9.70330E-03, -9.54721E-03, -9.38624E-03,
  4.74012E-03,  4.83865E-03,  4.93720E-03,  5.03546E-03,  5.13311E-03,  5.22980E-03,  5.32520E-03,  5.41898E-03,  5.51086E-03,  5.60059E-03,  5.68802E-03,  5.77310E-03,  5.85592E-03,  5.93679E-03,  6.01624E-03,  6.09511E-03,  6.17460E-03,  6.25635E-03,  6.34247E-03,  6.43565E-03,  6.53920E-03,  6.65711E-03,  6.79410E-03,  6.95562E-03,  7.14787E-03,  7.37777E-03,  7.65282E-03,  7.98101E-03,  8.37052E-03,  8.82946E-03,  9.36533E-03,  9.98442E-03,  1.06910E-02,  1.14861E-02,  1.23665E-02,NA,NA,NA,NA,NA,NA,NA,NA,NA,NA,NA,NA,NA,NA,NA,NA,NA,  1.01083E-02,  8.52992E-03,  6.97440E-03,  5.45695E-03,  3.98831E-03,  2.57607E-03,  1.22563E-03, -5.90800E-05, -1.27514E-03, -2.42032E-03, -3.49293E-03, -4.49177E-03, -5.41608E-03, -6.26557E-03, -7.04048E-03, -7.74155E-03, -8.37005E-03, -8.92778E-03, -9.41703E-03, -9.84054E-03, -1.02014E-02, -1.05032E-02, -1.07494E-02, -1.09440E-02, -1.10909E-02, -1.11941E-02, -1.12574E-02, -1.12848E-02, -1.12798E-02, -1.12459E-02, -1.11866E-02, -1.11048E-02, -1.10035E-02, -1.08853E-02, -1.07526E-02, -1.06077E-02, -1.04524E-02, -1.02887E-02, -1.01181E-02, -9.94207E-03, -9.76189E-03,
  4.91057E-03,  5.01706E-03,  5.12369E-03,  5.23012E-03,  5.33594E-03,  5.44072E-03,  5.54405E-03,  5.64549E-03,  5.74461E-03,  5.84106E-03,  5.93453E-03,  6.02480E-03,  6.11183E-03,  6.19576E-03,  6.27699E-03,  6.35624E-03,  6.43464E-03,  6.51380E-03,  6.59589E-03,  6.68375E-03,  6.78095E-03,  6.89192E-03,  7.02195E-03,  7.17733E-03,  7.36530E-03,  7.59408E-03,  7.87281E-03,  8.21140E-03,  8.62034E-03,  9.11036E-03,  9.69192E-03,  1.03746E-02,  1.11660E-02,NA,NA,NA,NA,NA,NA,NA,NA,NA,NA,NA,NA,NA,NA,NA,NA,NA,NA,NA,NA,  9.36791E-03,  7.61988E-03,  5.92643E-03,  4.29710E-03,  2.73816E-03,  1.25380E-03, -1.53037E-04, -1.48018E-03, -2.72594E-03, -3.88898E-03, -4.96833E-03, -5.96342E-03, -6.87416E-03, -7.70099E-03, -8.44492E-03, -9.10759E-03, -9.69123E-03, -1.01987E-02, -1.06332E-02, -1.09986E-02, -1.12990E-02, -1.15388E-02, -1.17225E-02, -1.18548E-02, -1.19402E-02, -1.19832E-02, -1.19883E-02, -1.19595E-02, -1.19009E-02, -1.18161E-02, -1.17086E-02, -1.15815E-02, -1.14376E-02, -1.12797E-02, -1.11100E-02, -1.09306E-02, -1.07435E-02, -1.05504E-02, -1.03526E-02, -1.01515E-02,
  5.08838E-03,  5.20364E-03,  5.31925E-03,  5.43479E-03,  5.54977E-03,  5.66369E-03,  5.77602E-03,  5.88619E-03,  5.99365E-03,  6.09785E-03,  6.19832E-03,  6.29465E-03,  6.38658E-03,  6.47405E-03,  6.55725E-03,  6.63672E-03,  6.71344E-03,  6.78891E-03,  6.86529E-03,  6.94548E-03,  7.03329E-03,  7.13348E-03,  7.25196E-03,  7.39579E-03,  7.57331E-03,  7.79417E-03,  8.06925E-03,  8.41066E-03,  8.83148E-03,  9.34550E-03,  9.96675E-03,  1.07087E-02,NA,NA,NA,NA,NA,NA,NA,NA,NA,NA,NA,NA,NA,NA,NA,NA,NA,NA,NA,NA,NA,NA,  8.27197E-03,  6.38840E-03,  4.58632E-03,  2.87001E-03,  1.24204E-03, -2.95865E-04, -1.74234E-03, -3.09619E-03, -4.35638E-03, -5.52208E-03, -6.59282E-03, -7.56860E-03, -8.45004E-03, -9.23843E-03, -9.93577E-03, -1.05448E-02, -1.10689E-02, -1.15122E-02, -1.18791E-02, -1.21747E-02, -1.24040E-02, -1.25725E-02, -1.26856E-02, -1.27487E-02, -1.27668E-02, -1.27451E-02, -1.26882E-02, -1.26007E-02, -1.24865E-02, -1.23494E-02, -1.21930E-02, -1.20203E-02, -1.18340E-02, -1.16368E-02, -1.14308E-02, -1.12181E-02, -1.10002E-02, -1.07788E-02, -1.05552E-02,
  5.27384E-03,  5.39880E-03,  5.52439E-03,  5.65011E-03,  5.77540E-03,  5.89968E-03,  6.02228E-03,  6.14249E-03,  6.25960E-03,  6.37287E-03,  6.48159E-03,  6.58513E-03,  6.68296E-03,  6.77474E-03,  6.86038E-03,  6.94015E-03,  7.01478E-03,  7.08558E-03,  7.15456E-03,  7.22463E-03,  7.29968E-03,  7.38478E-03,  7.48634E-03,  7.61221E-03,  7.77182E-03,  7.97628E-03,  8.23837E-03,  8.57254E-03,  8.99478E-03,  9.52236E-03,NA,NA,NA,NA,NA,NA,NA,NA,NA,NA,NA,NA,NA,NA,NA,NA,NA,NA,NA,NA,NA,NA,NA,NA,NA,  6.83039E-03,  4.84516E-03,  2.96176E-03,  1.18085E-03, -4.97123E-04, -2.07154E-03, -3.54156E-03, -4.90625E-03, -6.16473E-03, -7.31647E-03, -8.36143E-03, -9.30033E-03, -1.01347E-02, -1.08669E-02, -1.15004E-02, -1.20391E-02, -1.24881E-02, -1.28527E-02, -1.31389E-02, -1.33529E-02, -1.35010E-02, -1.35896E-02, -1.36248E-02, -1.36127E-02, -1.35590E-02, -1.34690E-02, -1.33477E-02, -1.31996E-02, -1.30289E-02, -1.28393E-02, -1.26341E-02, -1.24164E-02, -1.21887E-02, -1.19533E-02, -1.17124E-02, -1.14677E-02, -1.12206E-02, -1.09726E-02,
  5.46721E-03,  5.60290E-03,  5.73959E-03,  5.87671E-03,  6.01365E-03,  6.14969E-03,  6.28406E-03,  6.41588E-03,  6.54425E-03,  6.66820E-03,  6.78679E-03,  6.89906E-03,  7.00417E-03,  7.10141E-03,  7.19035E-03,  7.27085E-03,  7.34329E-03,  7.40865E-03,  7.46869E-03,  7.52613E-03,  7.58485E-03,  7.65010E-03,  7.72868E-03,  7.82915E-03,  7.96200E-03,  8.13979E-03,  8.37726E-03,  8.69138E-03,NA,NA,NA,NA,NA,NA,NA,NA,NA,NA,NA,NA,NA,NA,NA,NA,NA,NA,NA,NA,NA,NA,NA,NA,NA,NA,NA,NA,  5.06257E-03,  3.00349E-03,  1.06061E-03, -7.66722E-04, -2.47838E-03, -4.07354E-03, -5.55102E-03, -6.90958E-03, -8.14836E-03, -9.26711E-03, -1.02665E-02, -1.11483E-02, -1.19154E-02, -1.25716E-02, -1.31222E-02, -1.35729E-02, -1.39303E-02, -1.42017E-02, -1.43942E-02, -1.45156E-02, -1.45732E-02, -1.45743E-02, -1.45257E-02, -1.44339E-02, -1.43051E-02, -1.41446E-02, -1.39576E-02, -1.37486E-02, -1.35215E-02, -1.32800E-02, -1.30272E-02, -1.27658E-02, -1.24982E-02, -1.22265E-02, -1.19525E-02, -1.16777E-02, -1.14034E-02,
  5.66870E-03,  5.81627E-03,  5.96531E-03,  6.11522E-03,  6.26531E-03,  6.41475E-03,  6.56263E-03,  6.70792E-03,  6.84950E-03,  6.98615E-03,  7.11661E-03,  7.23959E-03,  7.35385E-03,  7.45823E-03,  7.55182E-03,  7.63398E-03,  7.70458E-03,  7.76412E-03,  7.81391E-03,  7.85634E-03,  7.89509E-03,  7.93539E-03,  7.98430E-03,  8.05094E-03,  8.14674E-03,  8.28570E-03,  8.48451E-03,NA,NA,NA,NA,NA,NA,NA,NA,NA,NA,NA,NA,NA,NA,NA,NA,NA,NA,NA,NA,NA,NA,NA,NA,NA,NA,NA,NA,NA,NA,  2.98620E-03,  8.72250E-04, -1.11454E-03, -2.97395E-03, -4.70462E-03, -6.30458E-03, -7.77179E-03, -9.10465E-03, -1.03025E-02, -1.13657E-02, -1.22963E-02, -1.30977E-02, -1.37745E-02, -1.43330E-02, -1.47803E-02, -1.51244E-02, -1.53739E-02, -1.55377E-02, -1.56247E-02, -1.56436E-02, -1.56029E-02, -1.55105E-02, -1.53738E-02, -1.51995E-02, -1.49939E-02, -1.47623E-02, -1.45098E-02, -1.42406E-02, -1.39585E-02, -1.36668E-02, -1.33683E-02, -1.30654E-02, -1.27603E-02, -1.24546E-02, -1.21499E-02, -1.18473E-02,
  5.87847E-03,  6.03915E-03,  6.20194E-03,  6.36619E-03,  6.53113E-03,  6.69585E-03,  6.85929E-03,  7.02025E-03,  7.17737E-03,  7.32917E-03,  7.47402E-03,  7.61025E-03,  7.73612E-03,  7.84995E-03,  7.95021E-03,  8.03563E-03,  8.10538E-03,  8.15928E-03,  8.19800E-03,  8.22335E-03,  8.23857E-03,  8.24866E-03,  8.26068E-03,  8.28413E-03,  8.33122E-03,NA,NA,NA,NA,NA,NA,NA,NA,NA,NA,NA,NA,NA,NA,NA,NA,NA,NA,NA,NA,NA,NA,NA,NA,NA,NA,NA,NA,NA,NA,NA,NA,  2.90297E-03,  6.07964E-04, -1.55001E-03, -3.56973E-03, -5.44844E-03, -7.18264E-03, -8.76883E-03, -1.02042E-02, -1.14873E-02, -1.26181E-02, -1.35988E-02, -1.44333E-02, -1.51274E-02, -1.56887E-02, -1.61260E-02, -1.64489E-02, -1.66681E-02, -1.67940E-02, -1.68373E-02, -1.68084E-02, -1.67170E-02, -1.65722E-02, -1.63825E-02, -1.61554E-02, -1.58977E-02, -1.56154E-02, -1.53137E-02, -1.49973E-02, -1.46700E-02, -1.43354E-02, -1.39961E-02, -1.36547E-02, -1.33132E-02, -1.29733E-02, -1.26364E-02, -1.23037E-02,
  6.09659E-03,  6.27173E-03,  6.44980E-03,  6.63010E-03,  6.81182E-03,  6.99395E-03,  7.17530E-03,  7.35450E-03,  7.52994E-03,  7.69984E-03,  7.86221E-03,  8.01488E-03,  8.15557E-03,  8.28196E-03,  8.39177E-03,  8.48291E-03,  8.55368E-03,  8.60296E-03,  8.63051E-03,  8.63729E-03,  8.62579E-03,  8.60044E-03,  8.56805E-03,  8.53817E-03,NA,NA,NA,NA,NA,NA,NA,NA,NA,NA,NA,NA,NA,NA,NA,NA,NA,NA,NA,NA,NA,NA,NA,NA,NA,NA,NA,NA,NA,NA,NA,NA,NA,NA,  2.62111E-04, -2.08169E-03, -4.27749E-03, -6.32000E-03, -8.20316E-03, -9.92116E-03, -1.14694E-02, -1.28450E-02, -1.40477E-02, -1.50795E-02, -1.59452E-02, -1.66521E-02, -1.72094E-02, -1.76279E-02, -1.79199E-02, -1.80978E-02, -1.81747E-02, -1.81632E-02, -1.80754E-02, -1.79228E-02, -1.77158E-02, -1.74639E-02, -1.71755E-02, -1.68580E-02, -1.65180E-02, -1.61611E-02, -1.57919E-02, -1.54146E-02, -1.50326E-02, -1.46487E-02, -1.42654E-02, -1.38846E-02, -1.35079E-02, -1.31365E-02, -1.27716E-02,
  6.32301E-03,  6.51408E-03,  6.70908E-03,  6.90734E-03,  7.10797E-03,  7.30992E-03,  7.51188E-03,  7.71229E-03,  7.90933E-03,  8.10088E-03,  8.28454E-03,  8.45764E-03,  8.61726E-03,  8.76031E-03,  8.88362E-03,  8.98410E-03,  9.05891E-03,  9.10573E-03,  9.12309E-03,  9.11071E-03,  9.06997E-03,  9.00434E-03,  8.91996E-03,NA,NA,NA,NA,NA,NA,NA,NA,NA,NA,NA,NA,NA,NA,NA,NA,NA,NA,NA,NA,NA,NA,NA,NA,NA,NA,NA,NA,NA,NA,NA,NA,NA,NA,NA, -1.68010E-04, -2.71698E-03, -5.10948E-03, -7.33615E-03, -9.38707E-03, -1.12531E-02, -1.29269E-02, -1.44041E-02, -1.56833E-02, -1.67670E-02, -1.76609E-02, -1.83741E-02, -1.89182E-02, -1.93069E-02, -1.95551E-02, -1.96785E-02, -1.96926E-02, -1.96127E-02, -1.94530E-02, -1.92268E-02, -1.89461E-02, -1.86215E-02, -1.82623E-02, -1.78765E-02, -1.74712E-02, -1.70522E-02, -1.66244E-02, -1.61918E-02, -1.57579E-02, -1.53255E-02, -1.48968E-02, -1.44736E-02, -1.40574E-02, -1.36493E-02, -1.32503E-02,
  6.55756E-03,  6.76611E-03,  6.97985E-03,  7.19812E-03,  7.42004E-03,  7.64450E-03,  7.87010E-03,  8.09515E-03,  8.31759E-03,  8.53500E-03,  8.74454E-03,  8.94298E-03,  9.12668E-03,  9.29170E-03,  9.43380E-03,  9.54867E-03,  9.63206E-03,  9.68013E-03,  9.68976E-03,  9.65901E-03,  9.58763E-03,  9.47767E-03,NA,NA,NA,NA,NA,NA,NA,NA,NA,NA,NA,NA,NA,NA,NA,NA,NA,NA,NA,NA,NA,NA,NA,NA,NA,NA,NA,NA,NA,NA,NA,NA,NA,NA,NA,NA, -6.81512E-04, -3.46205E-03, -6.07874E-03, -8.51633E-03, -1.07594E-02, -1.27942E-02, -1.46097E-02, -1.61991E-02, -1.75602E-02, -1.86957E-02, -1.96130E-02, -2.03236E-02, -2.08424E-02, -2.11867E-02, -2.13751E-02, -2.14270E-02, -2.13615E-02, -2.11967E-02, -2.09495E-02, -2.06352E-02, -2.02675E-02, -1.98583E-02, -1.94176E-02, -1.89542E-02, -1.84753E-02, -1.79870E-02, -1.74942E-02, -1.70009E-02, -1.65104E-02, -1.60253E-02, -1.55476E-02, -1.50790E-02, -1.46207E-02, -1.41736E-02, -1.37384E-02,
  6.79992E-03,  7.02758E-03,  7.26197E-03,  7.50247E-03,  7.74825E-03,  7.99820E-03,  8.25086E-03,  8.50444E-03,  8.75669E-03,  9.00488E-03,  9.24575E-03,  9.47549E-03,  9.68971E-03,  9.88344E-03,  1.00513E-02,  1.01874E-02,  1.02859E-02,  1.03409E-02,  1.03473E-02,  1.03009E-02,  1.01992E-02,NA,NA,NA,NA,NA,NA,NA,NA,NA,NA,NA,NA,NA,NA,NA,NA,NA,NA,NA,NA,NA,NA,NA,NA,NA,NA,NA,NA,NA,NA,NA,NA,NA,NA,NA,NA,NA, -1.27353E-03, -4.32197E-03, -7.19987E-03, -9.88380E-03, -1.23509E-02, -1.45809E-02, -1.65583E-02, -1.82730E-02, -1.97218E-02, -2.09081E-02, -2.18414E-02, -2.25370E-02, -2.30141E-02, -2.32947E-02, -2.34027E-02, -2.33621E-02, -2.31960E-02, -2.29264E-02, -2.25731E-02, -2.21539E-02, -2.16840E-02, -2.11766E-02, -2.06426E-02, -2.00912E-02, -1.95298E-02, -1.89645E-02, -1.84001E-02, -1.78404E-02, -1.72884E-02, -1.67465E-02, -1.62163E-02, -1.56993E-02, -1.51963E-02, -1.47079E-02, -1.42346E-02,
  7.04959E-03,  7.29805E-03,  7.55509E-03,  7.82019E-03,  8.09261E-03,  8.37128E-03,  8.65479E-03,  8.94126E-03,  9.22833E-03,  9.51301E-03,  9.79166E-03,  1.00599E-02,  1.03125E-02,  1.05434E-02,  1.07459E-02,  1.09124E-02,  1.10349E-02,  1.11053E-02,  1.11157E-02,  1.10590E-02,  1.09297E-02,NA,NA,NA,NA,NA,NA,NA,NA,NA,NA,NA,NA,NA,NA,NA,NA,NA,NA,NA,NA,NA,NA,NA,NA,NA,NA,NA,NA,NA,NA,NA,NA,NA,NA,NA,NA,NA,NA, -5.30128E-03, -8.49017E-03, -1.14674E-02, -1.42001E-02, -1.66596E-02, -1.88241E-02, -2.06797E-02, -2.22222E-02, -2.34560E-02, -2.43944E-02, -2.50575E-02, -2.54707E-02, -2.56626E-02, -2.56637E-02, -2.55037E-02, -2.52114E-02, -2.48130E-02, -2.43317E-02, -2.37878E-02, -2.31984E-02, -2.25777E-02, -2.19374E-02, -2.12869E-02, -2.06335E-02, -1.99832E-02, -1.93403E-02, -1.87084E-02, -1.80901E-02, -1.74871E-02, -1.69010E-02, -1.63325E-02, -1.57822E-02, -1.52505E-02, -1.47373E-02,
  7.30586E-03,  7.57685E-03,  7.85860E-03,  8.15078E-03,  8.45277E-03,  8.76366E-03,  9.08212E-03,  9.40633E-03,  9.73386E-03,  1.00616E-02,  1.03855E-02,  1.07007E-02,  1.10012E-02,  1.12798E-02,  1.15282E-02,  1.17370E-02,  1.18957E-02,  1.19933E-02,  1.20184E-02,  1.19604E-02,NA,NA,NA,NA,NA,NA,NA,NA,NA,NA,NA,NA,NA,NA,NA,NA,NA,NA,NA,NA,NA,NA,NA,NA,NA,NA,NA,NA,NA,NA,NA,NA,NA,NA,NA,NA,NA,NA,NA, -6.40490E-03, -9.97140E-03,NA,NA,NA,NA,NA,NA,NA,NA, -2.79372E-02, -2.82564E-02, -2.83265E-02, -2.81862E-02, -2.78734E-02, -2.74232E-02, -2.68669E-02, -2.62316E-02, -2.55404E-02, -2.48119E-02, -2.40614E-02, -2.33007E-02, -2.25392E-02, -2.17840E-02, -2.10403E-02, -2.03121E-02, -1.96022E-02, -1.89126E-02, -1.82447E-02, -1.75991E-02, -1.69764E-02, -1.63765E-02, -1.57994E-02, -1.52447E-02,
  7.56778E-03,  7.86303E-03,  8.17158E-03,  8.49336E-03,  8.82799E-03,  9.17479E-03,  9.53263E-03,  9.89984E-03,  1.02741E-02,  1.06522E-02,  1.10300E-02,  1.14022E-02,  1.17620E-02,  1.21011E-02,  1.24096E-02,  1.26759E-02,  1.28868E-02,  1.30276E-02,  1.30830E-02,NA,NA,NA,NA,NA,NA,NA,NA,NA,NA,NA,NA,NA,NA,NA,NA,NA,NA,NA,NA,NA,NA,NA,NA,NA,NA,NA,NA,NA,NA,NA,NA,NA,NA,NA,NA,NA,NA,NA,NA,NA,NA,NA,NA,NA,NA,NA,NA,NA,NA,NA,NA,NA, -3.10013E-02, -3.04933E-02, -2.98461E-02, -2.90971E-02, -2.82777E-02, -2.74132E-02, -2.65239E-02, -2.56254E-02, -2.47294E-02, -2.38446E-02, -2.29773E-02, -2.21320E-02, -2.13117E-02, -2.05182E-02, -1.97528E-02, -1.90160E-02, -1.83079E-02, -1.76282E-02, -1.69766E-02, -1.63522E-02, -1.57545E-02,
  7.83417E-03,  8.15533E-03,  8.49275E-03,  8.84667E-03,  9.21706E-03,  9.60358E-03,  1.00055E-02,  1.04213E-02,  1.08491E-02,  1.12859E-02,  1.17273E-02,  1.21679E-02,  1.26004E-02,  1.30154E-02,  1.34015E-02,  1.37447E-02,  1.40285E-02,NA,NA,NA,NA,NA,NA,NA,NA,NA,NA,NA,NA,NA,NA,NA,NA,NA,NA,NA,NA,NA,NA,NA,NA,NA,NA,NA,NA,NA,NA,NA,NA,NA,NA,NA,NA,NA,NA,NA,NA,NA,NA,NA,NA,NA,NA,NA,NA,NA,NA,NA,NA,NA,NA,NA,NA,NA, -3.24929E-02, -3.15099E-02, -3.04712E-02, -2.94046E-02, -2.83307E-02, -2.72650E-02, -2.62181E-02, -2.51976E-02, -2.42084E-02, -2.32534E-02, -2.23344E-02, -2.14521E-02, -2.06066E-02, -1.97975E-02, -1.90240E-02, -1.82851E-02, -1.75797E-02, -1.69066E-02, -1.62645E-02,
  8.10356E-03,  8.45220E-03,  8.82045E-03,  9.20898E-03,  9.61823E-03,  1.00483E-02,  1.04990E-02,  1.09695E-02,  1.14581E-02,  1.19624E-02,  1.24783E-02,  1.30005E-02,  1.35212E-02,  1.40305E-02,  1.45154E-02,  1.49596E-02,NA,NA,NA,NA,NA,NA,NA,NA,NA,NA,NA,NA,NA,NA,NA,NA,NA,NA,NA,NA,NA,NA,NA,NA,NA,NA,NA,NA,NA,NA,NA,NA,NA,NA,NA,NA,NA,NA,NA,NA,NA,NA,NA,NA,NA,NA,NA,NA,NA,NA,NA,NA,NA,NA,NA,NA,NA,NA,NA,NA, -3.28090E-02, -3.15083E-02, -3.02247E-02, -2.89720E-02, -2.77589E-02, -2.65907E-02, -2.54700E-02, -2.43980E-02, -2.33745E-02, -2.23987E-02, -2.14693E-02, -2.05849E-02, -1.97435E-02, -1.89434E-02, -1.81828E-02, -1.74596E-02, -1.67723E-02,
  8.37420E-03,  8.75170E-03,  9.15260E-03,  9.57806E-03,  1.00291E-02,  1.05066E-02,  1.10109E-02,  1.15420E-02,  1.20991E-02,  1.26803E-02,  1.32826E-02,  1.39008E-02,  1.45276E-02,  1.51527E-02,  1.57618E-02,NA,NA,NA,NA,NA,NA,NA,NA,NA,NA,NA,NA,NA,NA,NA,NA,NA,NA,NA,NA,NA,NA,NA,NA,NA,NA,NA,NA,NA,NA,NA,NA,NA,NA,NA,NA,NA,NA,NA,NA,NA,NA,NA,NA,NA,NA,NA,NA,NA,NA,NA,NA,NA,NA,NA,NA,NA,NA,NA,NA,NA,NA, -3.37123E-02, -3.21933E-02, -3.07344E-02, -2.93406E-02, -2.80136E-02, -2.67533E-02, -2.55578E-02, -2.44249E-02, -2.33518E-02, -2.23355E-02, -2.13733E-02, -2.04622E-02, -1.95995E-02, -1.87824E-02, -1.80083E-02, -1.72749E-02,
  8.64406E-03,  9.05158E-03,  9.48666E-03,  9.95110E-03,  1.04467E-02,  1.09750E-02,  1.15376E-02,  1.21353E-02,  1.27684E-02,  1.34366E-02,  1.41376E-02,  1.48678E-02,  1.56205E-02,  1.63858E-02,  1.71494E-02,NA,NA,NA,NA,NA,NA,NA,NA,NA,NA,NA,NA,NA,NA,NA,NA,NA,NA,NA,NA,NA,NA,NA,NA,NA,NA,NA,NA,NA,NA,NA,NA,NA,NA,NA,NA,NA,NA,NA,NA,NA,NA,NA,NA,NA,NA,NA,NA,NA,NA,NA,NA,NA,NA,NA,NA,NA,NA,NA,NA,NA,NA,NA, -3.42179E-02, -3.25353E-02, -3.09483E-02, -2.94538E-02, -2.80472E-02, -2.67235E-02, -2.54776E-02, -2.43044E-02, -2.31992E-02, -2.21577E-02, -2.11756E-02, -2.02492E-02, -1.93749E-02, -1.85495E-02, -1.77697E-02,
  8.91082E-03,  9.34921E-03,  9.81967E-03,  1.03248E-02,  1.08672E-02,  1.14495E-02,  1.20745E-02,  1.27444E-02,  1.34611E-02,  1.42258E-02,  1.50386E-02,  1.58973E-02,  1.67975E-02,  1.77308E-02,NA,NA,NA,NA,NA,NA,NA,NA,NA,NA,NA,NA,NA,NA,NA,NA,NA,NA,NA,NA,NA,NA,NA,NA,NA,NA,NA,NA,NA,NA,NA,NA,NA,NA,NA,NA,NA,NA,NA,NA,NA,NA,NA,NA,NA,NA,NA,NA,NA,NA,NA,NA,NA,NA,NA,NA,NA,NA,NA,NA,NA,NA,NA,NA,NA, -3.43525E-02, -3.25637E-02, -3.08958E-02, -2.93391E-02, -2.78845E-02, -2.65236E-02, -2.52490E-02, -2.40538E-02, -2.29322E-02, -2.18786E-02, -2.08882E-02, -1.99566E-02, -1.90796E-02, -1.82534E-02,
  9.17191E-03,  9.64161E-03,  1.01482E-02,  1.06952E-02,  1.12861E-02,  1.19250E-02,  1.26159E-02,  1.33629E-02,  1.41699E-02,  1.50406E-02,  1.59775E-02,  1.69818E-02,  1.80521E-02,NA,NA,NA,NA,NA,NA,NA,NA,NA,NA,NA,NA,NA,NA,NA,NA,NA,NA,NA,NA,NA,NA,NA,NA,NA,NA,NA,NA,NA,NA,NA,NA,NA,NA,NA,NA,NA,NA,NA,NA,NA,NA,NA,NA,NA,NA,NA,NA,NA,NA,NA,NA,NA,NA,NA,NA,NA,NA,NA,NA,NA,NA,NA,NA,NA,NA,NA, -3.41645E-02, -3.23219E-02, -3.06147E-02, -2.90291E-02, -2.75533E-02, -2.61774E-02, -2.48924E-02, -2.36909E-02, -2.25661E-02, -2.15121E-02, -2.05234E-02, -1.95952E-02, -1.87231E-02,
  9.42452E-03,  9.92554E-03,  1.04685E-02,  1.10578E-02,  1.16983E-02,  1.23954E-02,  1.31548E-02,  1.39827E-02,  1.48857E-02,  1.58703E-02,  1.69430E-02,  1.81090E-02,  1.93720E-02,NA,NA,NA,NA,NA,NA,NA,NA,NA,NA,NA,NA,NA,NA,NA,NA,NA,NA,NA,NA,NA,NA,NA,NA,NA,NA,NA,NA,NA,NA,NA,NA,NA,NA,NA,NA,NA,NA,NA,NA,NA,NA,NA,NA,NA,NA,NA,NA,NA,NA,NA,NA,NA,NA,NA,NA,NA,NA,NA,NA,NA,NA,NA,NA,NA,NA,NA,NA, -3.37126E-02, -3.18585E-02, -3.01449E-02, -2.85567E-02, -2.70812E-02, -2.57080E-02, -2.44278E-02, -2.32328E-02, -2.21161E-02, -2.10712E-02, -2.00928E-02, -1.91755E-02,
  9.66569E-03,  1.01975E-02,  1.07764E-02,  1.14079E-02,  1.20980E-02,  1.28538E-02,  1.36830E-02,  1.45942E-02,  1.55970E-02,  1.67019E-02,  1.79197E-02,  1.92616E-02,NA,NA,NA,NA,NA,NA,NA,NA,NA,NA,NA,NA,NA,NA,NA,NA,NA,NA,NA,NA,NA,NA,NA,NA,NA,NA,NA,NA,NA,NA,NA,NA,NA,NA,NA,NA,NA,NA,NA,NA,NA,NA,NA,NA,NA,NA,NA,NA,NA,NA,NA,NA,NA,NA,NA,NA,NA,NA,NA,NA,NA,NA,NA,NA,NA,NA,NA,NA,NA,NA, -3.30553E-02, -3.12199E-02, -2.95237E-02, -2.79523E-02, -2.64934E-02, -2.51369E-02, -2.38735E-02, -2.26956E-02, -2.15961E-02, -2.05686E-02, -1.96074E-02,
  9.89232E-03,  1.04538E-02,  1.10675E-02,  1.17401E-02,  1.24789E-02,  1.32928E-02,  1.41914E-02,  1.51864E-02,  1.62906E-02,  1.75190E-02,  1.88882E-02,  2.04166E-02,NA,NA,NA,NA,NA,NA,NA,NA,NA,NA,NA,NA,NA,NA,NA,NA,NA,NA,NA,NA,NA,NA,NA,NA,NA,NA,NA,NA,NA,NA,NA,NA,NA,NA,NA,NA,NA,NA,NA,NA,NA,NA,NA,NA,NA,NA,NA,NA,NA,NA,NA,NA,NA,NA,NA,NA,NA,NA,NA,NA,NA,NA,NA,NA,NA,NA,NA,NA,NA,NA, -3.41907E-02, -3.22426E-02, -3.04452E-02, -2.87828E-02, -2.72422E-02, -2.58122E-02, -2.44831E-02, -2.32463E-02, -2.20940E-02, -2.10192E-02, -2.00157E-02,
  1.01013E-02,  1.06907E-02,  1.13373E-02,  1.20490E-02,  1.28344E-02,  1.37040E-02,  1.46701E-02,  1.57469E-02,  1.69512E-02,  1.83029E-02,  1.98252E-02,  2.15449E-02,NA,NA,NA,NA,NA,NA,NA,NA,NA,NA,NA,NA,NA,NA,NA,NA,NA,NA,NA,NA,NA,NA,NA,NA,NA,NA,NA,NA,NA,NA,NA,NA,NA,NA,NA,NA,NA,NA,NA,NA,NA,NA,NA,NA,NA,NA,NA,NA,NA,NA,NA,NA,NA,NA,NA,NA,NA,NA,NA,NA,NA,NA,NA,NA,NA,NA,NA,NA,NA,NA,NA, -3.32035E-02, -3.13131E-02, -2.95657E-02, -2.79480E-02, -2.64484E-02, -2.50567E-02, -2.37636E-02, -2.25609E-02, -2.14411E-02, -2.03973E-02,
  1.02896E-02,  1.09045E-02,  1.15814E-02,  1.23291E-02,  1.31576E-02,  1.40794E-02,  1.51086E-02,  1.62628E-02,  1.75625E-02,  1.90329E-02,  2.07041E-02,  2.26128E-02,NA,NA,NA,NA,NA,NA,NA,NA,NA,NA,NA,NA,NA,NA,NA,NA,NA,NA,NA,NA,NA,NA,NA,NA,NA,NA,NA,NA,NA,NA,NA,NA,NA,NA,NA,NA,NA,NA,NA,NA,NA,NA,NA,NA,NA,NA,NA,NA,NA,NA,NA,NA,NA,NA,NA,NA,NA,NA,NA,NA,NA,NA,NA,NA,NA,NA,NA,NA,NA,NA,NA, -3.40953E-02, -3.21208E-02, -3.02950E-02, -2.86053E-02, -2.70404E-02, -2.55896E-02, -2.42435E-02, -2.29932E-02, -2.18309E-02, -2.07491E-02,
  1.04543E-02,  1.10917E-02,  1.17954E-02,  1.25751E-02,  1.34422E-02,  1.44105E-02,  1.54967E-02,  1.67209E-02,  1.81076E-02,  1.96870E-02,  2.14965E-02,NA,NA,NA,NA,NA,NA,NA,NA,NA,NA,NA,NA,NA,NA,NA,NA,NA,NA,NA,NA,NA,NA,NA,NA,NA,NA,NA,NA,NA,NA,NA,NA,NA,NA,NA,NA,NA,NA,NA,NA,NA,NA,NA,NA,NA,NA,NA,NA,NA,NA,NA,NA,NA,NA,NA,NA,NA,NA,NA,NA,NA,NA,NA,NA,NA,NA,NA,NA,NA,NA,NA,NA, -3.49138E-02, -3.28635E-02, -3.09658E-02, -2.92095E-02, -2.75835E-02, -2.60776E-02, -2.46820E-02, -2.33874E-02, -2.21854E-02, -2.10683E-02,
  1.05927E-02,  1.12492E-02,  1.19754E-02,  1.27821E-02,  1.36819E-02,  1.46898E-02,  1.58246E-02,  1.71087E-02,  1.85701E-02,  2.02439E-02,  2.21738E-02,NA,NA,NA,NA,NA,NA,NA,NA,NA,NA,NA,NA,NA,NA,NA,NA,NA,NA,NA,NA,NA,NA,NA,NA,NA,NA,NA,NA,NA,NA,NA,NA,NA,NA,NA,NA,NA,NA,NA,NA,NA,NA,NA,NA,NA,NA,NA,NA,NA,NA,NA,NA,NA,NA,NA,NA,NA,NA,NA,NA,NA,NA,NA,NA,NA,NA,NA,NA,NA,NA,NA,NA,NA, -3.35383E-02, -3.15743E-02, -2.97562E-02, -2.80737E-02, -2.65168E-02, -2.50754E-02, -2.37399E-02, -2.25016E-02, -2.13522E-02,
  1.07026E-02,  1.13740E-02,  1.21180E-02,  1.29460E-02,  1.38714E-02,  1.49106E-02,  1.60835E-02,  1.74150E-02,  1.89356E-02,  2.06840E-02,  2.27095E-02,NA,NA,NA,NA,NA,NA,NA,NA,NA,NA,NA,NA,NA,NA,NA,NA,NA,NA,NA,NA,NA,NA,NA,NA,NA,NA,NA,NA,NA,NA,NA,NA,NA,NA,NA,NA,NA,NA,NA,NA,NA,NA,NA,NA,NA,NA,NA,NA,NA,NA,NA,NA,NA,NA,NA,NA,NA,NA,NA,NA,NA,NA,NA,NA,NA,NA,NA,NA,NA,NA,NA,NA,NA, -3.41430E-02, -3.21172E-02, -3.02417E-02, -2.85071E-02, -2.69034E-02, -2.54202E-02, -2.40478E-02, -2.27766E-02, -2.15982E-02,
  1.07822E-02,  1.14639E-02,  1.22203E-02,  1.30631E-02,  1.40064E-02,  1.50672E-02,  1.62667E-02,  1.76308E-02,  1.91920E-02,  2.09916E-02,  2.30822E-02,NA,NA,NA,NA,NA,NA,NA,NA,NA,NA,NA,NA,NA,NA,NA,NA,NA,NA,NA,NA,NA,NA,NA,NA,NA,NA,NA,NA,NA,NA,NA,NA,NA,NA,NA,NA,NA,NA,NA,NA,NA,NA,NA,NA,NA,NA,NA,NA,NA,NA,NA,NA,NA,NA,NA,NA,NA,NA,NA,NA,NA,NA,NA,NA,NA,NA,NA,NA,NA,NA,NA,NA,NA, -3.46758E-02, -3.25912E-02, -3.06623E-02, -2.88799E-02, -2.72338E-02, -2.57132E-02, -2.43078E-02, -2.30078E-02, -2.18039E-02,
  1.08300E-02,  1.15174E-02,  1.22804E-02,  1.31311E-02,  1.40839E-02,  1.51561E-02,  1.63692E-02,  1.77498E-02,  1.93312E-02,  2.11556E-02,  2.32770E-02,  2.57659E-02,NA,NA,NA,NA,NA,NA,NA,NA,NA,NA,NA,NA,NA,NA,NA,NA,NA,NA,NA,NA,NA,NA,NA,NA,NA,NA,NA,NA,NA,NA,NA,NA,NA,NA,NA,NA,NA,NA,NA,NA,NA,NA,NA,NA,NA,NA,NA,NA,NA,NA,NA,NA,NA,NA,NA,NA,NA,NA,NA,NA,NA,NA,NA,NA,NA,NA,NA,NA,NA,NA,NA,NA, -3.51339E-02, -3.29927E-02, -3.10141E-02, -2.91883E-02, -2.75044E-02, -2.59511E-02, -2.45173E-02, -2.31926E-02, -2.19672E-02,
  1.08454E-02,  1.15334E-02,  1.22972E-02,  1.31487E-02,  1.41022E-02,  1.51750E-02,  1.63885E-02,  1.77690E-02,  1.93495E-02,  2.11713E-02,  2.32876E-02,  2.57673E-02,NA,NA,NA,NA,NA,NA,NA,NA,NA,NA,NA,NA,NA,NA,NA,NA,NA,NA,NA,NA,NA,NA,NA,NA,NA,NA,NA,NA,NA,NA,NA,NA,NA,NA,NA,NA,NA,NA,NA,NA,NA,NA,NA,NA,NA,NA,NA,NA,NA,NA,NA,NA,NA,NA,NA,NA,NA,NA,NA,NA,NA,NA,NA,NA,NA,NA,NA,NA,NA,NA,NA,NA,NA, -3.33169E-02, -3.12925E-02, -2.94282E-02, -2.77118E-02, -2.61309E-02, -2.46736E-02, -2.33288E-02, -2.20861E-02,
  1.08281E-02,  1.15119E-02,  1.22705E-02,  1.31156E-02,  1.40612E-02,  1.51240E-02,  1.63248E-02,  1.76887E-02,  1.92474E-02,  2.10400E-02,  2.31167E-02,  2.55413E-02,NA,NA,NA,NA,NA,NA,NA,NA,NA,NA,NA,NA,NA,NA,NA,NA,NA,NA,NA,NA,NA,NA,NA,NA,NA,NA,NA,NA,NA,NA,NA,NA,NA,NA,NA,NA,NA,NA,NA,NA,NA,NA,NA,NA,NA,NA,NA,NA,NA,NA,NA,NA,NA,NA,NA,NA,NA,NA,NA,NA,NA,NA,NA,NA,NA,NA,NA,NA,NA,NA,NA,NA,NA, -3.35574E-02, -3.14925E-02, -2.95955E-02, -2.78525E-02, -2.62497E-02, -2.47743E-02, -2.34144E-02, -2.21590E-02,
  1.07786E-02,  1.14532E-02,  1.22010E-02,  1.30328E-02,  1.39621E-02,  1.50049E-02,  1.61804E-02,  1.75125E-02,  1.90300E-02,  2.07692E-02,  2.27750E-02,  2.51043E-02,NA,NA,NA,NA,NA,NA,NA,NA,NA,NA,NA,NA,NA,NA,NA,NA,NA,NA,NA,NA,NA,NA,NA,NA,NA,NA,NA,NA,NA,NA,NA,NA,NA,NA,NA,NA,NA,NA,NA,NA,NA,NA,NA,NA,NA,NA,NA,NA,NA,NA,NA,NA,NA,NA,NA,NA,NA,NA,NA,NA,NA,NA,NA,NA,NA,NA,NA,NA,NA,NA,NA,NA,NA, -3.37070E-02, -3.16083E-02, -2.96858E-02, -2.79230E-02, -2.63049E-02, -2.48173E-02, -2.34477E-02, -2.21845E-02,
  1.06977E-02,  1.13587E-02,  1.20901E-02,  1.29023E-02,  1.38076E-02,  1.48210E-02,  1.59601E-02,  1.72465E-02,  1.87062E-02,  2.03711E-02,  2.22802E-02,  2.44817E-02,  2.70353E-02,NA,NA,NA,NA,NA,NA,NA,NA,NA,NA,NA,NA,NA,NA,NA,NA,NA,NA,NA,NA,NA,NA,NA,NA,NA,NA,NA,NA,NA,NA,NA,NA,NA,NA,NA,NA,NA,NA,NA,NA,NA,NA,NA,NA,NA,NA,NA,NA,NA,NA,NA,NA,NA,NA,NA,NA,NA,NA,NA,NA,NA,NA,NA,NA,NA,NA,NA,NA,NA,NA,NA,NA, -3.37576E-02, -3.16345E-02, -2.96950E-02, -2.79205E-02, -2.62942E-02, -2.48010E-02, -2.34274E-02, -2.21616E-02,
  1.05869E-02,  1.12301E-02,  1.19402E-02,  1.27269E-02,  1.36015E-02,  1.45773E-02,  1.56703E-02,  1.68995E-02,  1.82875E-02,  1.98616E-02,  2.16543E-02,  2.37048E-02,  2.60598E-02,NA,NA,NA,NA,NA,NA,NA,NA,NA,NA,NA,NA,NA,NA,NA,NA,NA,NA,NA,NA,NA,NA,NA,NA,NA,NA,NA,NA,NA,NA,NA,NA,NA,NA,NA,NA,NA,NA,NA,NA,NA,NA,NA,NA,NA,NA,NA,NA,NA,NA,NA,NA,NA,NA,NA,NA,NA,NA,NA,NA,NA,NA,NA,NA,NA,NA,NA,NA,NA,NA,NA, -3.60508E-02, -3.37014E-02, -3.15656E-02, -2.96196E-02, -2.78424E-02, -2.62160E-02, -2.47241E-02, -2.33528E-02, -2.20898E-02,
  1.04482E-02,  1.10698E-02,  1.17543E-02,  1.25104E-02,  1.33482E-02,  1.42797E-02,  1.53187E-02,  1.64815E-02,  1.77873E-02,  1.92585E-02,  2.09215E-02,  2.28066E-02,  2.49488E-02,  2.73871E-02,NA,NA,NA,NA,NA,NA,NA,NA,NA,NA,NA,NA,NA,NA,NA,NA,NA,NA,NA,NA,NA,NA,NA,NA,NA,NA,NA,NA,NA,NA,NA,NA,NA,NA,NA,NA,NA,NA,NA,NA,NA,NA,NA,NA,NA,NA,NA,NA,NA,NA,NA,NA,NA,NA,NA,NA,NA,NA,NA,NA,NA,NA,NA,NA,NA,NA,NA,NA,NA,NA, -3.58867E-02, -3.35321E-02, -3.13978E-02, -2.94571E-02, -2.76874E-02, -2.60694E-02, -2.45863E-02, -2.32237E-02, -2.19691E-02,
  1.02837E-02,  1.08804E-02,  1.15356E-02,  1.22569E-02,  1.30533E-02,  1.39349E-02,  1.49137E-02,  1.60034E-02,  1.72196E-02,  1.85804E-02,  2.01061E-02,  2.18195E-02,  2.37453E-02,  2.59094E-02,NA,NA,NA,NA,NA,NA,NA,NA,NA,NA,NA,NA,NA,NA,NA,NA,NA,NA,NA,NA,NA,NA,NA,NA,NA,NA,NA,NA,NA,NA,NA,NA,NA,NA,NA,NA,NA,NA,NA,NA,NA,NA,NA,NA,NA,NA,NA,NA,NA,NA,NA,NA,NA,NA,NA,NA,NA,NA,NA,NA,NA,NA,NA,NA,NA,NA,NA,NA,NA,NA, -3.55856E-02, -3.32459E-02, -3.11290E-02, -2.92066E-02, -2.74550E-02, -2.58545E-02, -2.43878E-02, -2.30405E-02, -2.17999E-02,
  1.00959E-02,  1.06651E-02,  1.12879E-02,  1.19710E-02,  1.27222E-02,  1.35499E-02,  1.44643E-02,  1.54763E-02,  1.65986E-02,  1.78450E-02,  1.92309E-02,  2.07725E-02,  2.24864E-02,  2.43884E-02,  2.64916E-02,NA,NA,NA,NA,NA,NA,NA,NA,NA,NA,NA,NA,NA,NA,NA,NA,NA,NA,NA,NA,NA,NA,NA,NA,NA,NA,NA,NA,NA,NA,NA,NA,NA,NA,NA,NA,NA,NA,NA,NA,NA,NA,NA,NA,NA,NA,NA,NA,NA,NA,NA,NA,NA,NA,NA,NA,NA,NA,NA,NA,NA,NA,NA,NA,NA,NA,NA,NA,NA, -3.51457E-02, -3.28421E-02, -3.07594E-02, -2.88688E-02, -2.71464E-02, -2.55724E-02, -2.41298E-02, -2.28043E-02, -2.15833E-02,
  9.88768E-03,  1.04271E-02,  1.10151E-02,  1.16576E-02,  1.23608E-02,  1.31319E-02,  1.39790E-02,  1.49110E-02,  1.59374E-02,  1.70689E-02,  1.83163E-02,  1.96907E-02,  2.12025E-02,  2.28603E-02,  2.46694E-02,  2.66289E-02,NA,NA,NA,NA,NA,NA,NA,NA,NA,NA,NA,NA,NA,NA,NA,NA,NA,NA,NA,NA,NA,NA,NA,NA,NA,NA,NA,NA,NA,NA,NA,NA,NA,NA,NA,NA,NA,NA,NA,NA,NA,NA,NA,NA,NA,NA,NA,NA,NA,NA,NA,NA,NA,NA,NA,NA,NA,NA,NA,NA,NA,NA,NA,NA,NA,NA,NA,NA, -3.45701E-02, -3.23239E-02, -3.02920E-02, -2.84464E-02, -2.67640E-02, -2.52255E-02, -2.38145E-02, -2.25170E-02, -2.13210E-02,
  9.66173E-03,  1.01697E-02,  1.07213E-02,  1.13213E-02,  1.19748E-02,  1.26877E-02,  1.34663E-02,  1.43175E-02,  1.52484E-02,  1.62666E-02,  1.73796E-02,  1.85944E-02,  1.99169E-02,  2.13509E-02,  2.28968E-02,  2.45498E-02,  2.62981E-02,NA,NA,NA,NA,NA,NA,NA,NA,NA,NA,NA,NA,NA,NA,NA,NA,NA,NA,NA,NA,NA,NA,NA,NA,NA,NA,NA,NA,NA,NA,NA,NA,NA,NA,NA,NA,NA,NA,NA,NA,NA,NA,NA,NA,NA,NA,NA,NA,NA,NA,NA,NA,NA,NA,NA,NA,NA,NA,NA,NA,NA,NA,NA,NA,NA,NA, -3.62714E-02, -3.38669E-02, -3.16978E-02, -2.97322E-02, -2.79441E-02, -2.63118E-02, -2.48171E-02, -2.34447E-02, -2.21812E-02, -2.10153E-02,
  9.42096E-03,  9.89645E-03,  1.04105E-02,  1.09669E-02,  1.15699E-02,  1.22240E-02,  1.29340E-02,  1.37050E-02,  1.45421E-02,  1.54505E-02,  1.64349E-02,  1.74994E-02,  1.86467E-02,  1.98774E-02,  2.11894E-02,  2.25761E-02,  2.40263E-02,  2.55225E-02,  2.70410E-02,NA,NA,NA,NA,NA,NA,NA,NA,NA,NA,NA,NA,NA,NA,NA,NA,NA,NA,NA,NA,NA,NA,NA,NA,NA,NA,NA,NA,NA,NA,NA,NA,NA,NA,NA,NA,NA,NA,NA,NA,NA,NA,NA,NA,NA,NA,NA,NA,NA,NA,NA,NA,NA,NA,NA,NA,NA,NA,NA,NA,NA,NA,NA,NA, -3.53414E-02, -3.30488E-02, -3.09737E-02, -2.90880E-02, -2.73683E-02, -2.57951E-02, -2.43518E-02, -2.30242E-02, -2.18000E-02, -2.06688E-02,
  9.16820E-03,  9.61053E-03,  1.00864E-02,  1.05990E-02,  1.11513E-02,  1.17468E-02,  1.23891E-02,  1.30817E-02,  1.38279E-02,  1.46311E-02,  1.54939E-02,  1.64181E-02,  1.74043E-02,  1.84511E-02,  1.95550E-02,  2.07093E-02,  2.19041E-02,  2.31259E-02,  2.43583E-02,  2.55836E-02,NA,NA,NA,NA,NA,NA,NA,NA,NA,NA,NA,NA,NA,NA,NA,NA,NA,NA,NA,NA,NA,NA,NA,NA,NA,NA,NA,NA,NA,NA,NA,NA,NA,NA,NA,NA,NA,NA,NA,NA,NA,NA,NA,NA,NA,NA,NA,NA,NA,NA,NA,NA,NA,NA,NA,NA,NA,NA,NA,NA,NA,NA, -3.66841E-02, -3.42957E-02, -3.21315E-02, -3.01639E-02, -2.83690E-02, -2.67269E-02, -2.52204E-02, -2.38348E-02, -2.25574E-02, -2.13773E-02, -2.02847E-02,
  8.90624E-03,  9.31516E-03,  9.75288E-03,  1.02217E-02,  1.07238E-02,  1.12618E-02,  1.18380E-02,  1.24546E-02,  1.31138E-02,  1.38170E-02,  1.45656E-02,  1.53595E-02,  1.61979E-02,  1.70783E-02,  1.79965E-02,  1.89461E-02,  1.99189E-02,  2.09045E-02,  2.18922E-02,  2.28717E-02,  2.38367E-02,  2.47883E-02,  2.57406E-02,NA,NA,NA,NA,NA,NA,NA,NA,NA,NA,NA,NA,NA,NA,NA,NA,NA,NA,NA,NA,NA,NA,NA,NA,NA,NA,NA,NA,NA,NA,NA,NA,NA,NA,NA,NA,NA,NA,NA,NA,NA,NA,NA,NA,NA,NA,NA,NA,NA,NA,NA,NA,NA,NA,NA,NA,NA,NA,NA, -3.53774E-02, -3.31572E-02, -3.11327E-02, -2.92821E-02, -2.75863E-02, -2.60286E-02, -2.45948E-02, -2.32721E-02, -2.20494E-02, -2.09171E-02, -1.98667E-02,
  8.63773E-03,  9.01341E-03,  9.41329E-03,  9.83895E-03,  1.02920E-02,  1.07739E-02,  1.12862E-02,  1.18300E-02,  1.24062E-02,  1.30152E-02,  1.36569E-02,  1.43303E-02,  1.50333E-02,  1.57627E-02,  1.65140E-02,  1.72813E-02,  1.80576E-02,  1.88350E-02,  1.96063E-02,  2.03660E-02,  2.11131E-02,  2.18541E-02,  2.26068E-02,  2.34054E-02,  2.43049E-02,NA,NA,NA,NA,NA,NA,NA,NA,NA,NA,NA,NA,NA,NA,NA,NA,NA,NA,NA,NA,NA,NA,NA,NA,NA,NA,NA,NA,NA,NA,NA,NA,NA,NA,NA,NA,NA,NA,NA,NA,NA,NA,NA,NA,NA,NA,NA,NA,NA,NA,NA,NA,NA,NA,NA,NA, -3.62256E-02, -3.39956E-02, -3.19498E-02, -3.00709E-02, -2.83430E-02, -2.67515E-02, -2.52831E-02, -2.39262E-02, -2.26701E-02, -2.15056E-02, -2.04242E-02, -1.94185E-02,
  8.36522E-03,  8.70812E-03,  9.07088E-03,  9.45447E-03,  9.85982E-03,  1.02877E-02,  1.07387E-02,  1.12131E-02,  1.17109E-02,  1.22314E-02,  1.27736E-02,  1.33355E-02,  1.39142E-02,  1.45061E-02,  1.51064E-02,  1.57094E-02,  1.63089E-02,  1.68985E-02,  1.74728E-02,  1.80288E-02,  1.85676E-02,  1.90971E-02,  1.96350E-02,  2.02124E-02,  2.08778E-02,NA,NA,NA,NA,NA,NA,NA,NA,NA,NA,NA,NA,NA,NA,NA,NA,NA,NA,NA,NA,NA,NA,NA,NA,NA,NA,NA,NA,NA,NA,NA,NA,NA,NA,NA,NA,NA,NA,NA,NA,NA,NA,NA,NA,NA,NA,NA,NA,NA,NA,NA,NA,NA,NA,NA, -3.67723E-02, -3.45896E-02, -3.25675E-02, -3.06960E-02, -2.89642E-02, -2.73612E-02, -2.58764E-02, -2.44999E-02, -2.32224E-02, -2.20355E-02, -2.09313E-02, -1.99030E-02, -1.89442E-02,
  8.09105E-03,  8.40195E-03,  8.72862E-03,  9.07151E-03,  9.43094E-03,  9.80704E-03,  1.01997E-02,  1.06084E-02,  1.10324E-02,  1.14702E-02,  1.19199E-02,  1.23789E-02,  1.28435E-02,  1.33097E-02,  1.37723E-02,  1.42257E-02,  1.46638E-02,  1.50809E-02,  1.54720E-02,  1.58345E-02,  1.61694E-02,  1.64832E-02,  1.67902E-02,  1.71153E-02,NA,NA,NA,NA,NA,NA,NA,NA,NA,NA,NA,NA,NA,NA,NA,NA,NA,NA,NA,NA,NA,NA,NA,NA,NA,NA,NA,NA,NA,NA,NA,NA,NA,NA,NA,NA,NA,NA,NA,NA,NA,NA,NA,NA,NA,NA,NA,NA,NA,NA,NA,NA,NA,NA,NA, -3.69603E-02, -3.48884E-02, -3.29414E-02, -3.11188E-02, -2.94167E-02, -2.78295E-02, -2.63504E-02, -2.49724E-02, -2.36884E-02, -2.24914E-02, -2.13747E-02, -2.03323E-02, -1.93585E-02, -1.84477E-02,
  7.81744E-03,  8.09734E-03,  8.38920E-03,  8.69301E-03,  9.00857E-03,  9.33544E-03,  9.67290E-03,  1.00198E-02,  1.03747E-02,  1.07355E-02,  1.10996E-02,  1.14635E-02,  1.18233E-02,  1.21742E-02,  1.25107E-02,  1.28268E-02,  1.31162E-02,  1.33728E-02,  1.35913E-02,  1.37677E-02,  1.39013E-02,  1.39950E-02,  1.40577E-02,  1.41059E-02,NA,NA,NA,NA,NA,NA,NA,NA,NA,NA,NA,NA,NA,NA,NA,NA,NA,NA,NA,NA,NA,NA,NA,NA,NA,NA,NA,NA,NA,NA,NA,NA,NA,NA,NA,NA,NA,NA,NA,NA,NA,NA,NA,NA,NA,NA,NA,NA,NA,NA,NA,NA,NA,NA, -3.67557E-02, -3.48560E-02, -3.30366E-02, -3.13068E-02, -2.96711E-02, -2.81301E-02, -2.66820E-02, -2.53234E-02, -2.40502E-02, -2.28576E-02, -2.17406E-02, -2.06943E-02, -1.97140E-02, -1.87951E-02, -1.79332E-02,
  7.54639E-03,  7.79650E-03,  8.05506E-03,  8.32163E-03,  8.59557E-03,  8.87596E-03,  9.16154E-03,  9.45067E-03,  9.74123E-03,  1.00306E-02,  1.03154E-02,  1.05919E-02,  1.08554E-02,  1.11005E-02,  1.13212E-02,  1.15109E-02,  1.16626E-02,  1.17692E-02,  1.18241E-02,  1.18212E-02,  1.17566E-02,  1.16285E-02,  1.14388E-02,  1.11938E-02,NA,NA,NA,NA,NA,NA,NA,NA,NA,NA,NA,NA,NA,NA,NA,NA,NA,NA,NA,NA,NA,NA,NA,NA,NA,NA,NA,NA,NA,NA,NA,NA,NA,NA,NA,NA,NA,NA,NA,NA,NA,NA,NA,NA,NA,NA,NA,NA,NA,NA,NA,NA,NA, -3.61577E-02, -3.44809E-02, -3.28352E-02, -3.12396E-02, -2.97062E-02, -2.82423E-02, -2.68516E-02, -2.55349E-02, -2.42914E-02, -2.31193E-02, -2.20155E-02, -2.09770E-02, -2.00001E-02, -1.90814E-02, -1.82173E-02, -1.74043E-02,
  7.27972E-03,  7.50144E-03,  7.72836E-03,  7.95972E-03,  8.19446E-03,  8.43125E-03,  8.66838E-03,  8.90373E-03,  9.13468E-03,  9.35807E-03,  9.57010E-03,  9.76630E-03,  9.94146E-03,  1.00896E-02,  1.02041E-02,  1.02774E-02,  1.03016E-02,  1.02682E-02,  1.01686E-02,  9.99418E-03,  9.73683E-03,  9.38934E-03,  8.94577E-03,  8.40189E-03,NA,NA,NA,NA,NA,NA,NA,NA,NA,NA,NA,NA,NA,NA,NA,NA,NA,NA,NA,NA,NA,NA,NA,NA,NA,NA,NA,NA,NA,NA,NA,NA,NA,NA,NA,NA,NA,NA,NA,NA,NA,NA,NA,NA,NA,NA,NA,NA,NA,NA,NA,NA, -3.52040E-02, -3.37809E-02, -3.23423E-02, -3.09135E-02, -2.95132E-02, -2.81545E-02, -2.68461E-02, -2.55933E-02, -2.43989E-02, -2.32639E-02, -2.21879E-02, -2.11695E-02, -2.02069E-02, -1.92977E-02, -1.84394E-02, -1.76294E-02, -1.68648E-02,
  7.01908E-03,  7.21392E-03,  7.41104E-03,  7.60933E-03,  7.80742E-03,  8.00360E-03,  8.19579E-03,  8.38145E-03,  8.55752E-03,  8.72039E-03,  8.86576E-03,  8.98864E-03,  9.08326E-03,  9.14301E-03,  9.16042E-03,  9.12714E-03,  9.03394E-03,  8.87075E-03,  8.62668E-03,  8.29012E-03,  7.84872E-03,  7.28944E-03,  6.59842E-03,  5.76084E-03,NA,NA,NA,NA,NA,NA,NA,NA,NA,NA,NA,NA,NA,NA,NA,NA,NA,NA,NA,NA,NA,NA,NA,NA,NA,NA,NA,NA,NA,NA,NA,NA,NA,NA,NA,NA,NA,NA,NA,NA,NA,NA,NA,NA,NA,NA,NA,NA,NA,NA, -3.50453E-02, -3.39701E-02, -3.28063E-02, -3.15886E-02, -3.03456E-02, -2.90994E-02, -2.78673E-02, -2.66620E-02, -2.54924E-02, -2.43648E-02, -2.32829E-02, -2.22488E-02, -2.12632E-02, -2.03259E-02, -1.94359E-02, -1.85920E-02, -1.77924E-02, -1.70351E-02, -1.63181E-02,
  6.76593E-03,  6.93553E-03,  7.10476E-03,  7.27224E-03,  7.43632E-03,  7.59498E-03,  7.74579E-03,  7.88587E-03,  8.01179E-03,  8.11951E-03,  8.20431E-03,  8.26072E-03,  8.28240E-03,  8.26210E-03,  8.19158E-03,  8.06149E-03,  7.86133E-03,  7.57931E-03,  7.20227E-03,  6.71547E-03,  6.10240E-03,  5.34439E-03,  4.42012E-03,  3.30490E-03,NA,NA,NA,NA,NA,NA,NA,NA,NA,NA,NA,NA,NA,NA,NA,NA,NA,NA,NA,NA,NA,NA,NA,NA,NA,NA,NA,NA,NA,NA,NA,NA,NA,NA,NA,NA,NA,NA,NA,NA,NA,NA,NA,NA,NA,NA,NA,NA, -3.40561E-02, -3.33808E-02, -3.25626E-02, -3.16356E-02, -3.06305E-02, -2.95743E-02, -2.84898E-02, -2.73957E-02, -2.63068E-02, -2.52348E-02, -2.41880E-02, -2.31728E-02, -2.21933E-02, -2.12521E-02, -2.03508E-02, -1.94897E-02, -1.86688E-02, -1.78873E-02, -1.71441E-02, -1.64379E-02, -1.57674E-02,
  6.52154E-03,  6.66763E-03,  6.81098E-03,  6.94999E-03,  7.08277E-03,  7.20703E-03,  7.32007E-03,  7.41870E-03,  7.49918E-03,  7.55711E-03,  7.58739E-03,  7.58409E-03,  7.54039E-03,  7.44843E-03,  7.29919E-03,  7.08239E-03,  6.78628E-03,  6.39744E-03,  5.90052E-03,  5.27791E-03,  4.50925E-03,  3.57085E-03,  2.43478E-03,  1.06782E-03,NA,NA,NA,NA,NA,NA,NA,NA,NA,NA,NA,NA,NA,NA,NA,NA,NA,NA,NA,NA,NA,NA,NA,NA,NA,NA,NA,NA,NA,NA,NA,NA,NA,NA,NA,NA,NA,NA,NA,NA,NA,NA,NA,NA,NA, -3.27945E-02, -3.26013E-02, -3.22458E-02, -3.17421E-02, -3.11095E-02, -3.03698E-02, -2.95453E-02, -2.86577E-02, -2.77266E-02, -2.67694E-02, -2.58008E-02, -2.48330E-02, -2.38759E-02, -2.29369E-02, -2.20219E-02, -2.11349E-02, -2.02788E-02, -1.94553E-02, -1.86654E-02, -1.79095E-02, -1.71871E-02, -1.64979E-02, -1.58410E-02, -1.52152E-02,
  6.28700E-03,  6.41137E-03,  6.53092E-03,  6.64386E-03,  6.74809E-03,  6.84112E-03,  6.92001E-03,  6.98133E-03,  7.02107E-03,  7.03453E-03,  7.01630E-03,  6.96006E-03,  6.85855E-03,  6.70336E-03,  6.48483E-03,  6.19179E-03,  5.81140E-03,  5.32878E-03,  4.72670E-03,  3.98504E-03,  3.08023E-03,  1.98436E-03,  6.64150E-04, -9.20476E-04,NA,NA,NA,NA,NA,NA,NA,NA,NA,NA,NA,NA,NA,NA,NA,NA,NA,NA,NA,NA,NA,NA,NA,NA,NA,NA,NA,NA,NA,NA,NA,NA,NA,NA,NA,NA,NA,NA,NA,NA,NA,NA,NA,NA,NA,NA, -3.07442E-02, -3.02905E-02, -2.97478E-02, -2.91227E-02, -2.84257E-02, -2.76692E-02, -2.68669E-02, -2.60316E-02, -2.51758E-02, -2.43102E-02, -2.34442E-02, -2.25857E-02, -2.17408E-02, -2.09146E-02, -2.01107E-02, -1.93320E-02, -1.85801E-02, -1.78563E-02, -1.71612E-02, -1.64947E-02, -1.58568E-02, -1.52469E-02, -1.46643E-02,
  6.06324E-03,  6.16773E-03,  6.26558E-03,  6.35488E-03,  6.43334E-03,  6.49831E-03,  6.54668E-03,  6.57481E-03,  6.57849E-03,  6.55279E-03,  6.49203E-03,  6.38960E-03,  6.23787E-03,  6.02800E-03,  5.74977E-03,  5.39133E-03,  4.93892E-03,  4.37652E-03,  3.68536E-03,  2.84340E-03,  1.82456E-03,  5.97760E-04, -8.74229E-04, -2.63637E-03,NA,NA,NA,NA,NA,NA,NA,NA,NA,NA,NA,NA,NA,NA,NA,NA,NA,NA,NA,NA,NA,NA,NA,NA,NA,NA,NA,NA,NA,NA,NA,NA,NA,NA,NA,NA,NA,NA,NA,NA,NA,NA,NA,NA,NA,NA, -2.91788E-02, -2.86132E-02, -2.80119E-02, -2.73710E-02, -2.66915E-02, -2.59778E-02, -2.52361E-02, -2.44739E-02, -2.36985E-02, -2.29172E-02, -2.21367E-02, -2.13625E-02, -2.05996E-02, -1.98519E-02, -1.91225E-02, -1.84139E-02, -1.77276E-02, -1.70649E-02, -1.64264E-02, -1.58125E-02, -1.52231E-02, -1.46579E-02, -1.41166E-02,
  5.85100E-03,  5.93747E-03,  6.01577E-03,  6.08385E-03,  6.13933E-03,  6.17941E-03,  6.20086E-03,  6.19990E-03,  6.17216E-03,  6.11255E-03,  6.01520E-03,  5.87329E-03,  5.67893E-03,  5.42297E-03,  5.09479E-03,  4.68205E-03,  4.17035E-03,  3.54283E-03,  2.77970E-03,  1.85757E-03,  7.48685E-04, -5.80057E-04, -2.16838E-03, -4.06416E-03,NA,NA,NA,NA,NA,NA,NA,NA,NA,NA,NA,NA,NA,NA,NA,NA,NA,NA,NA,NA,NA,NA,NA,NA,NA,NA,NA,NA,NA,NA,NA,NA,NA,NA,NA,NA,NA,NA,NA,NA,NA,NA,NA,NA,NA,NA,NA, -2.71500E-02, -2.64805E-02, -2.58100E-02, -2.51317E-02, -2.44429E-02, -2.37440E-02, -2.30373E-02, -2.23260E-02, -2.16140E-02, -2.09052E-02, -2.02034E-02, -1.95120E-02, -1.88337E-02, -1.81710E-02, -1.75257E-02, -1.68994E-02, -1.62930E-02, -1.57072E-02, -1.51424E-02, -1.45987E-02, -1.40760E-02, -1.35740E-02,
  5.65088E-03,  5.72120E-03,  5.78207E-03,  5.83136E-03,  5.86661E-03,  5.88495E-03,  5.88303E-03,  5.85702E-03,  5.80243E-03,  5.71409E-03,  5.58602E-03,  5.41128E-03,  5.18183E-03,  4.88835E-03,  4.52002E-03,  4.06420E-03,  3.50614E-03,  2.82856E-03,  2.01109E-03,  1.02967E-03, -1.44273E-04, -1.54478E-03, -3.21262E-03, -5.19671E-03,NA,NA,NA,NA,NA,NA,NA,NA,NA,NA,NA,NA,NA,NA,NA,NA,NA,NA,NA,NA,NA,NA,NA,NA,NA,NA,NA,NA,NA,NA,NA,NA,NA,NA,NA,NA,NA,NA,NA,NA,NA,NA,NA,NA,NA,NA,NA, -2.58462E-02, -2.51069E-02, -2.44006E-02, -2.37140E-02, -2.30388E-02, -2.23702E-02, -2.17062E-02, -2.10465E-02, -2.03919E-02, -1.97439E-02, -1.91045E-02, -1.84755E-02, -1.78587E-02, -1.72557E-02, -1.66679E-02, -1.60963E-02, -1.55417E-02, -1.50048E-02, -1.44859E-02, -1.39852E-02, -1.35026E-02, -1.30380E-02,
  5.46330E-03,  5.51932E-03,  5.56487E-03,  5.59778E-03,  5.61552E-03,  5.61518E-03,  5.59340E-03,  5.54628E-03,  5.46932E-03,  5.35732E-03,  5.20427E-03,  5.00322E-03,  4.74610E-03,  4.42357E-03,  4.02476E-03,  3.53701E-03,  2.94552E-03,  2.23293E-03,  1.37882E-03,  3.59086E-04, -8.54852E-04, -2.29695E-03, -4.00767E-03, -6.03537E-03,NA,NA,NA,NA,NA,NA,NA,NA,NA,NA,NA,NA,NA,NA,NA,NA,NA,NA,NA,NA,NA,NA,NA,NA,NA,NA,NA,NA,NA,NA,NA,NA,NA,NA,NA,NA,NA,NA,NA,NA,NA,NA,NA,NA,NA,NA,NA,NA, -2.38509E-02, -2.31085E-02, -2.24099E-02, -2.17420E-02, -2.10958E-02, -2.04658E-02, -1.98485E-02, -1.92423E-02, -1.86465E-02, -1.80614E-02, -1.74874E-02, -1.69253E-02, -1.63760E-02, -1.58402E-02, -1.53187E-02, -1.48119E-02, -1.43203E-02, -1.38442E-02, -1.33838E-02, -1.29391E-02, -1.25100E-02,
  5.28852E-03,  5.33208E-03,  5.36439E-03,  5.38325E-03,  5.38614E-03,  5.37014E-03,  5.33188E-03,  5.26750E-03,  5.17251E-03,  5.04177E-03,  4.86931E-03,  4.64827E-03,  4.37068E-03,  4.02733E-03,  3.60749E-03,  3.09869E-03,  2.48638E-03,  1.75350E-03,  8.80040E-04, -1.57583E-04, -1.38720E-03, -2.84176E-03, -4.56033E-03, -6.58928E-03, -8.98366E-03,NA,NA,NA,NA,NA,NA,NA,NA,NA,NA,NA,NA,NA,NA,NA,NA,NA,NA,NA,NA,NA,NA,NA,NA,NA,NA,NA,NA,NA,NA,NA,NA,NA,NA,NA,NA,NA,NA,NA,NA,NA,NA,NA,NA,NA,NA,NA, -2.26786E-02, -2.19046E-02, -2.11946E-02, -2.05318E-02, -1.99039E-02, -1.93023E-02, -1.87212E-02, -1.81568E-02, -1.76066E-02, -1.70693E-02, -1.65443E-02, -1.60313E-02, -1.55305E-02, -1.50421E-02, -1.45664E-02, -1.41036E-02, -1.36541E-02, -1.32180E-02, -1.27954E-02, -1.23864E-02, -1.19909E-02,
  5.12669E-03,  5.15957E-03,  5.18065E-03,  5.18775E-03,  5.17835E-03,  5.14958E-03,  5.09812E-03,  5.02016E-03,  4.91132E-03,  4.76655E-03,  4.58004E-03,  4.34508E-03,  4.05393E-03,  3.69764E-03,  3.26581E-03,  2.74638E-03,  2.12531E-03,  1.38617E-03,  5.09777E-04, -5.26402E-04, -1.74884E-03, -3.18870E-03, -4.88272E-03, -6.87422E-03, -9.21425E-03,NA,NA,NA,NA,NA,NA,NA,NA,NA,NA,NA,NA,NA,NA,NA,NA,NA,NA,NA,NA,NA,NA,NA,NA,NA,NA,NA,NA,NA,NA,NA,NA,NA,NA,NA,NA,NA,NA,NA,NA,NA,NA,NA,NA,NA,NA,NA, -2.15617E-02, -2.07643E-02, -2.00470E-02, -1.93903E-02, -1.87794E-02, -1.82035E-02, -1.76547E-02, -1.71275E-02, -1.66180E-02, -1.61236E-02, -1.56427E-02, -1.51742E-02, -1.47175E-02, -1.42725E-02, -1.38390E-02, -1.34170E-02, -1.30066E-02, -1.26078E-02, -1.22207E-02, -1.18453E-02, -1.14815E-02,
  4.97779E-03,  5.00172E-03,  5.01352E-03,  5.01103E-03,  4.99181E-03,  4.95305E-03,  4.89151E-03,  4.80349E-03,  4.68476E-03,  4.53044E-03,  4.33493E-03,  4.09180E-03,  3.79361E-03,  3.43181E-03,  2.99650E-03,  2.47621E-03,  1.85763E-03,  1.12529E-03,  2.61164E-04, -7.55806E-04, -1.95022E-03, -3.35085E-03, -4.99141E-03, -6.91134E-03, -9.15681E-03,NA,NA,NA,NA,NA,NA,NA,NA,NA,NA,NA,NA,NA,NA,NA,NA,NA,NA,NA,NA,NA,NA,NA,NA,NA,NA,NA,NA,NA,NA,NA,NA,NA,NA,NA,NA,NA,NA,NA,NA,NA,NA,NA,NA,NA,NA,NA, -2.04776E-02, -1.96673E-02, -1.89494E-02, -1.83023E-02, -1.77095E-02, -1.71586E-02, -1.66402E-02, -1.61473E-02, -1.56751E-02, -1.52200E-02, -1.47793E-02, -1.43515E-02, -1.39354E-02, -1.35303E-02, -1.31358E-02, -1.27516E-02, -1.23777E-02, -1.20138E-02, -1.16600E-02, -1.13163E-02, -1.09826E-02,
  4.84168E-03,  4.85832E-03,  4.86269E-03,  4.85271E-03,  4.82601E-03,  4.77987E-03,  4.71120E-03,  4.61644E-03,  4.49154E-03,  4.33187E-03,  4.13209E-03,  3.88612E-03,  3.58695E-03,  3.22652E-03,  2.79556E-03,  2.28336E-03,  1.67757E-03,  9.63875E-04,  1.25689E-04, -8.56223E-04, -2.00420E-03, -3.34419E-03, -4.90635E-03, -6.72571E-03, -8.84296E-03, -1.13053E-02,NA,NA,NA,NA,NA,NA,NA,NA,NA,NA,NA,NA,NA,NA,NA,NA,NA,NA,NA,NA,NA,NA,NA,NA,NA,NA,NA,NA,NA,NA,NA,NA,NA,NA,NA,NA,NA,NA,NA,NA,NA,NA,NA,NA,NA,NA, -1.94084E-02, -1.85978E-02, -1.78877E-02, -1.72554E-02, -1.66835E-02, -1.61584E-02, -1.56698E-02, -1.52099E-02, -1.47728E-02, -1.43542E-02, -1.39510E-02, -1.35609E-02, -1.31824E-02, -1.28144E-02, -1.24562E-02, -1.21072E-02, -1.17673E-02, -1.14361E-02, -1.11137E-02, -1.07998E-02, -1.04946E-02,
  4.71811E-03,  4.72902E-03,  4.72772E-03,  4.71221E-03,  4.68022E-03,  4.62918E-03,  4.55612E-03,  4.45770E-03,  4.33009E-03,  4.16893E-03,  3.96924E-03,  3.72533E-03,  3.43069E-03,  3.07788E-03,  2.65834E-03,  2.16228E-03,  1.57843E-03,  8.93812E-04,  9.35202E-05, -8.39639E-04, -1.92547E-03, -3.18680E-03, -4.64991E-03, -6.34508E-03, -8.30717E-03, -1.05763E-02,NA,NA,NA,NA,NA,NA,NA,NA,NA,NA,NA,NA,NA,NA,NA,NA,NA,NA,NA,NA,NA,NA,NA,NA,NA,NA,NA,NA,NA,NA,NA,NA,NA,NA,NA,NA,NA,NA,NA,NA,NA,NA,NA,NA,NA,NA, -1.83413E-02, -1.75437E-02, -1.68508E-02, -1.62398E-02, -1.56927E-02, -1.51954E-02, -1.47372E-02, -1.43097E-02, -1.39064E-02, -1.35226E-02, -1.31547E-02, -1.28001E-02, -1.24568E-02, -1.21234E-02, -1.17991E-02, -1.14832E-02, -1.11751E-02, -1.08747E-02, -1.05818E-02, -1.02961E-02, -1.00178E-02,
  4.60671E-03,  4.61337E-03,  4.60804E-03,  4.58884E-03,  4.55361E-03,  4.49992E-03,  4.42501E-03,  4.32575E-03,  4.19859E-03,  4.03946E-03,  3.84380E-03,  3.60636E-03,  3.32120E-03,  2.98154E-03,  2.57966E-03,  2.10675E-03,  1.55275E-03,  9.06155E-04,  1.53855E-04, -7.19144E-04, -1.72996E-03, -2.89811E-03, -4.24587E-03, -5.79860E-03, -7.58519E-03, -9.63859E-03, -1.19965E-02,NA,NA,NA,NA,NA,NA,NA,NA,NA,NA,NA,NA,NA,NA,NA,NA,NA,NA,NA,NA,NA,NA,NA,NA,NA,NA,NA,NA,NA,NA,NA,NA,NA,NA,NA,NA,NA,NA,NA,NA,NA,NA,NA,NA,NA,NA, -1.64967E-02, -1.58309E-02, -1.52480E-02, -1.47302E-02, -1.42636E-02, -1.38372E-02, -1.34423E-02, -1.30723E-02, -1.27221E-02, -1.23880E-02, -1.20670E-02, -1.17569E-02, -1.14562E-02, -1.11639E-02, -1.08789E-02, -1.06009E-02, -1.03295E-02, -1.00644E-02, -9.80542E-03, -9.55255E-03,
  4.50702E-03,  4.51081E-03,  4.50298E-03,  4.48176E-03,  4.44516E-03,  4.39091E-03,  4.31646E-03,  4.21892E-03,  4.09502E-03,  3.94108E-03,  3.75293E-03,  3.52584E-03,  3.25448E-03,  2.93278E-03,  2.55391E-03,  2.11011E-03,  1.59258E-03,  9.91383E-04,  2.95267E-04, -5.08491E-04, -1.43425E-03, -2.49821E-03, -3.71857E-03, -5.11580E-03, -6.71288E-03, -8.53561E-03, -1.06130E-02,NA,NA,NA,NA,NA,NA,NA,NA,NA,NA,NA,NA,NA,NA,NA,NA,NA,NA,NA,NA,NA,NA,NA,NA,NA,NA,NA,NA,NA,NA,NA,NA,NA,NA,NA,NA,NA,NA,NA,NA,NA,NA,NA,NA,NA,NA, -1.54517E-02, -1.48226E-02, -1.42749E-02, -1.37914E-02, -1.33585E-02, -1.29655E-02, -1.26040E-02, -1.22672E-02, -1.19501E-02, -1.16486E-02, -1.13598E-02, -1.10814E-02, -1.08118E-02, -1.05496E-02, -1.02940E-02, -1.00443E-02, -9.80028E-03, -9.56147E-03, -9.32776E-03, -9.09903E-03,
  4.41852E-03,  4.42068E-03,  4.41174E-03,  4.39005E-03,  4.35377E-03,  4.30082E-03,  4.22889E-03,  4.13533E-03,  4.01721E-03,  3.87122E-03,  3.69362E-03,  3.48023E-03,  3.22633E-03,  2.92664E-03,  2.57522E-03,  2.16538E-03,  1.68966E-03,  1.13967E-03,  5.06040E-04, -2.21683E-04, -1.05513E-03, -2.00720E-03, -3.09217E-03, -4.32573E-03, -5.72515E-03, -7.30934E-03, -9.09904E-03,NA,NA,NA,NA,NA,NA,NA,NA,NA,NA,NA,NA,NA,NA,NA,NA,NA,NA,NA,NA,NA,NA,NA,NA,NA,NA,NA,NA,NA,NA,NA,NA,NA,NA,NA,NA,NA,NA,NA,NA,NA,NA,NA,NA,NA, -1.50867E-02, -1.44066E-02, -1.38233E-02, -1.33173E-02, -1.28728E-02, -1.24768E-02, -1.21193E-02, -1.17921E-02, -1.14887E-02, -1.12042E-02, -1.09347E-02, -1.06771E-02, -1.04291E-02, -1.01890E-02, -9.95550E-03, -9.72774E-03, -9.50500E-03, -9.28685E-03, -9.07297E-03, -8.86318E-03, -8.65737E-03,
  4.34057E-03,  4.34226E-03,  4.33346E-03,  4.31267E-03,  4.27822E-03,  4.22824E-03,  4.16063E-03,  4.07305E-03,  3.96287E-03,  3.82717E-03,  3.66270E-03,  3.46579E-03,  3.23240E-03,  2.95800E-03,  2.63756E-03,  2.26550E-03,  1.83563E-03,  1.34113E-03,  7.74466E-04,  1.27396E-04, -6.09079E-04, -1.44471E-03, -2.39000E-03, -3.45618E-03, -4.65510E-03, -5.99924E-03, -7.50150E-03,NA,NA,NA,NA,NA,NA,NA,NA,NA,NA,NA,NA,NA,NA,NA,NA,NA,NA,NA,NA,NA,NA,NA,NA,NA,NA,NA,NA,NA,NA,NA,NA,NA,NA,NA,NA,NA,NA,NA,NA,NA,NA,NA,NA,NA, -1.39801E-02, -1.33617E-02, -1.28322E-02, -1.23740E-02, -1.19726E-02, -1.16166E-02, -1.12964E-02, -1.10045E-02, -1.07350E-02, -1.04830E-02, -1.02448E-02, -1.00174E-02, -9.79877E-03, -9.58705E-03, -9.38102E-03, -9.17974E-03, -8.98256E-03, -8.78901E-03, -8.59879E-03, -8.41170E-03, -8.22763E-03,
  4.27251E-03,  4.27475E-03,  4.26721E-03,  4.24854E-03,  4.21725E-03,  4.17167E-03,  4.10994E-03,  4.03002E-03,  3.92960E-03,  3.80617E-03,  3.65693E-03,  3.47877E-03,  3.26828E-03,  3.02171E-03,  2.73492E-03,  2.40339E-03,  2.02221E-03,  1.58604E-03,  1.08912E-03,  5.25295E-04, -1.11939E-04, -8.29397E-04, -1.63410E-03, -2.53311E-03, -3.53339E-03, -4.64150E-03, -5.86328E-03,NA,NA,NA,NA,NA,NA,NA,NA,NA,NA,NA,NA,NA,NA,NA,NA,NA,NA,NA,NA,NA,NA,NA,NA,NA,NA,NA,NA,NA,NA,NA,NA,NA,NA,NA,NA,NA,NA,NA,NA,NA,NA,NA,NA,NA, -1.28676E-02, -1.23195E-02, -1.18503E-02, -1.14448E-02, -1.10904E-02, -1.07768E-02, -1.04957E-02, -1.02402E-02, -1.00048E-02, -9.78511E-03, -9.57776E-03, -9.38000E-03, -9.18971E-03, -9.00529E-03, -8.82554E-03, -8.64956E-03, -8.47671E-03, -8.30656E-03, -8.13881E-03, -7.97328E-03, -7.80988E-03,
  4.21362E-03,  4.21731E-03,  4.21201E-03,  4.19652E-03,  4.16952E-03,  4.12956E-03,  4.07503E-03,  4.00416E-03,  3.91500E-03,  3.80541E-03,  3.67306E-03,  3.51537E-03,  3.32958E-03,  3.11266E-03,  2.86135E-03,  2.57216E-03,  2.24136E-03,  1.86502E-03,  1.43906E-03,  9.59258E-04,  4.21398E-04, -1.78649E-04, -8.44735E-04, -1.58022E-03, -2.38767E-03, -3.26845E-03, -4.22221E-03,NA,NA,NA,NA,NA,NA,NA,NA,NA,NA,NA,NA,NA,NA,NA,NA,NA,NA,NA,NA,NA,NA,NA,NA,NA,NA,NA,NA,NA,NA,NA,NA,NA,NA,NA,NA,NA,NA,NA,NA,NA,NA,NA,NA,NA, -1.17553E-02, -1.12839E-02, -1.08801E-02, -1.05311E-02, -1.02266E-02, -9.95751E-03, -9.71671E-03, -9.49822E-03, -9.29721E-03, -9.10979E-03, -8.93286E-03, -8.76397E-03, -8.60122E-03, -8.44313E-03, -8.28860E-03, -8.13681E-03, -7.98718E-03, -7.83930E-03, -7.69292E-03, -7.54789E-03, -7.40413E-03,
  4.16316E-03,  4.16908E-03,  4.16685E-03,  4.15543E-03,  4.13368E-03,  4.10036E-03,  4.05409E-03,  3.99339E-03,  3.91665E-03,  3.82211E-03,  3.70787E-03,  3.57189E-03,  3.41201E-03,  3.22590E-03,  3.01113E-03,  2.76516E-03,  2.48540E-03,  2.16922E-03,  1.81403E-03,  1.41742E-03,  9.77213E-04,  4.91684E-04, -4.02302E-05, -6.18639E-04, -1.24232E-03, -1.90820E-03, -2.61073E-03, -3.34096E-03,NA,NA,NA,NA,NA,NA,NA,NA,NA,NA,NA,NA,NA,NA,NA,NA,NA,NA,NA,NA,NA,NA,NA,NA,NA,NA,NA,NA,NA,NA,NA,NA,NA,NA,NA,NA,NA,NA,NA,NA,NA,NA,NA,NA, -1.06505E-02, -1.02598E-02, -9.92473E-03, -9.63509E-03, -9.38230E-03, -9.15915E-03, -8.95956E-03, -8.77855E-03, -8.61199E-03, -8.45655E-03, -8.30956E-03, -8.16887E-03, -8.03282E-03, -7.90013E-03, -7.76983E-03, -7.64119E-03, -7.51372E-03, -7.38707E-03, -7.26103E-03, -7.13548E-03, -7.01039E-03,
  4.12035E-03,  4.12917E-03,  4.13071E-03,  4.12410E-03,  4.10837E-03,  4.08248E-03,  4.04531E-03,  3.99564E-03,  3.93217E-03,  3.85352E-03,  3.75822E-03,  3.64472E-03,  3.51143E-03,  3.35667E-03,  3.17880E-03,  2.97616E-03,  2.74716E-03,  2.49038E-03,  2.20460E-03,  1.88896E-03,  1.54312E-03,  1.16745E-03,  7.63278E-04,  3.33261E-04, -1.18205E-04, -5.84415E-04, -1.05562E-03, -1.51805E-03,NA,NA,NA,NA,NA,NA,NA,NA,NA,NA,NA,NA,NA,NA,NA,NA,NA,NA,NA,NA,NA,NA,NA,NA,NA,NA,NA,NA,NA,NA,NA,NA,NA,NA,NA,NA,NA,NA,NA,NA,NA,NA,NA,NA, -9.56084E-03, -9.25299E-03, -8.98836E-03, -8.75937E-03, -8.55942E-03, -8.38285E-03, -8.22484E-03, -8.08137E-03, -7.94907E-03, -7.82521E-03, -7.70756E-03, -7.59435E-03, -7.48418E-03, -7.37598E-03, -7.26894E-03, -7.16247E-03, -7.05615E-03, -6.94973E-03, -6.84303E-03, -6.73601E-03, -6.62865E-03,
  4.08441E-03,  4.09666E-03,  4.10255E-03,  4.10133E-03,  4.09223E-03,  4.07439E-03,  4.04692E-03,  4.00887E-03,  3.95925E-03,  3.89702E-03,  3.82110E-03,  3.73042E-03,  3.62391E-03,  3.50051E-03,  3.35926E-03,  3.19932E-03,  3.02002E-03,  2.82098E-03,  2.60219E-03,  2.36418E-03,  2.10817E-03,  1.83628E-03,  1.55188E-03,  1.25990E-03,  9.67284E-04,  6.83628E-04,  4.21886E-04,  1.99372E-04,NA,NA,NA,NA,NA,NA,NA,NA,NA,NA,NA,NA,NA,NA,NA,NA,NA,NA,NA,NA,NA,NA,NA,NA,NA,NA,NA,NA,NA,NA,NA,NA,NA,NA,NA,NA,NA,NA,NA,NA,NA,NA,NA, -8.75592E-03, -8.49424E-03, -8.26922E-03, -8.07523E-03, -7.90707E-03, -7.76005E-03, -7.63004E-03, -7.51344E-03, -7.40717E-03, -7.30867E-03, -7.21578E-03, -7.12677E-03, -7.04024E-03, -6.95508E-03, -6.87045E-03, -6.78572E-03, -6.70044E-03, -6.61431E-03, -6.52714E-03, -6.43884E-03, -6.34942E-03, -6.25890E-03,
  4.05456E-03,  4.07069E-03,  4.08135E-03,  4.08598E-03,  4.08393E-03,  4.07457E-03,  4.05721E-03,  4.03115E-03,  3.99567E-03,  3.95007E-03,  3.89365E-03,  3.82575E-03,  3.74578E-03,  3.65324E-03,  3.54780E-03,  3.42933E-03,  3.29797E-03,  3.15427E-03,  2.99924E-03,  2.83459E-03,  2.66285E-03,  2.48762E-03,  2.31390E-03,  2.14842E-03,  2.00015E-03,  1.88081E-03,  1.80571E-03,  1.79457E-03,  1.87281E-03,NA,NA,NA,NA,NA,NA,NA,NA,NA,NA,NA,NA,NA,NA,NA,NA,NA,NA,NA,NA,NA,NA,NA,NA,NA,NA,NA,NA,NA,NA,NA,NA,NA,NA,NA,NA,NA,NA,NA,NA,NA,NA, -7.62459E-03, -7.45826E-03, -7.31427E-03, -7.18966E-03, -7.08138E-03, -6.98651E-03, -6.90235E-03, -6.82645E-03, -6.75667E-03, -6.69119E-03, -6.62847E-03, -6.56725E-03, -6.50649E-03, -6.44541E-03, -6.38340E-03, -6.32002E-03, -6.25497E-03, -6.18805E-03, -6.11920E-03, -6.04838E-03, -5.97566E-03, -5.90112E-03,
  4.03003E-03,  4.05035E-03,  4.06613E-03,  4.07690E-03,  4.08221E-03,  4.08158E-03,  4.07453E-03,  4.06060E-03,  4.03934E-03,  4.01032E-03,  3.97320E-03,  3.92770E-03,  3.87365E-03,  3.81107E-03,  3.74016E-03,  3.66141E-03,  3.57568E-03,  3.48428E-03,  3.38913E-03,  3.29288E-03,  3.19913E-03,  3.11267E-03,  3.03979E-03,  2.98860E-03,  2.96953E-03,  2.99586E-03,  3.08443E-03,  3.25648E-03,  3.53873E-03,NA,NA,NA,NA,NA,NA,NA,NA,NA,NA,NA,NA,NA,NA,NA,NA,NA,NA,NA,NA,NA,NA,NA,NA,NA,NA,NA,NA,NA,NA,NA,NA,NA,NA,NA,NA,NA,NA,NA,NA,NA, -6.61974E-03, -6.53522E-03, -6.45978E-03, -6.39352E-03, -6.33578E-03, -6.28543E-03, -6.24112E-03, -6.20145E-03, -6.16505E-03, -6.13066E-03, -6.09715E-03, -6.06357E-03, -6.02912E-03, -5.99314E-03, -5.95514E-03, -5.91475E-03, -5.87173E-03, -5.82594E-03, -5.77729E-03, -5.72582E-03, -5.67157E-03, -5.61468E-03, -5.55528E-03,
  4.01007E-03,  4.03481E-03,  4.05590E-03,  4.07301E-03,  4.08582E-03,  4.09403E-03,  4.09734E-03,  4.09549E-03,  4.08828E-03,  4.07556E-03,  4.05728E-03,  4.03350E-03,  4.00445E-03,  3.97055E-03,  3.93251E-03,  3.89133E-03,  3.84847E-03,  3.80589E-03,  3.76621E-03,  3.73289E-03,  3.71036E-03,  3.70434E-03,  3.72204E-03,  3.77259E-03,  3.86744E-03,  4.02087E-03,  4.25064E-03,  4.57876E-03,  5.03241E-03,  5.64506E-03,NA,NA,NA,NA,NA,NA,NA,NA,NA,NA,NA,NA,NA,NA,NA,NA,NA,NA,NA,NA,NA,NA,NA,NA,NA,NA,NA,NA,NA,NA,NA,NA,NA,NA,NA,NA,NA,NA,NA,NA, -5.48083E-03, -5.49532E-03, -5.50484E-03, -5.51176E-03, -5.51734E-03, -5.52209E-03, -5.52605E-03, -5.52896E-03, -5.53042E-03, -5.52996E-03, -5.52710E-03, -5.52143E-03, -5.51257E-03, -5.50025E-03, -5.48426E-03, -5.46446E-03, -5.44079E-03, -5.41326E-03, -5.38193E-03, -5.34691E-03, -5.30835E-03, -5.26643E-03, -5.22135E-03,
  3.99394E-03,  4.02325E-03,  4.04976E-03,  4.07328E-03,  4.09362E-03,  4.11062E-03,  4.12417E-03,  4.13419E-03,  4.14069E-03,  4.14378E-03,  4.14365E-03,  4.14067E-03,  4.13541E-03,  4.12865E-03,  4.12150E-03,  4.11541E-03,  4.11232E-03,  4.11472E-03,  4.12581E-03,  4.14962E-03,  4.19125E-03,  4.25706E-03,  4.35496E-03,  4.49473E-03,  4.68843E-03,  4.95090E-03,  5.30032E-03,  5.75888E-03,  6.35366E-03,  7.11750E-03,NA,NA,NA,NA,NA,NA,NA,NA,NA,NA,NA,NA,NA,NA,NA,NA,NA,NA,NA,NA,NA,NA,NA,NA,NA,NA,NA,NA,NA,NA,NA,NA,NA,NA,NA,NA,NA,NA,NA, -4.27895E-03, -4.40645E-03, -4.51096E-03, -4.59845E-03, -4.67305E-03, -4.73759E-03, -4.79393E-03, -4.84329E-03, -4.88639E-03, -4.92367E-03, -4.95536E-03, -4.98158E-03, -5.00239E-03, -5.01783E-03, -5.02795E-03, -5.03280E-03, -5.03248E-03, -5.02712E-03, -5.01686E-03, -5.00188E-03, -4.98240E-03, -4.95864E-03, -4.93085E-03, -4.89927E-03,
  3.98095E-03,  4.01488E-03,  4.04684E-03,  4.07674E-03,  4.10451E-03,  4.13015E-03,  4.15368E-03,  4.17520E-03,  4.19492E-03,  4.21313E-03,  4.23028E-03,  4.24699E-03,  4.26410E-03,  4.28271E-03,  4.30424E-03,  4.33052E-03,  4.36387E-03,  4.40720E-03,  4.46411E-03,  4.53911E-03,  4.63772E-03,  4.76676E-03,  4.93455E-03,  5.15125E-03,  5.42922E-03,  5.78347E-03,  6.23219E-03,  6.79734E-03,  7.50543E-03,  8.38835E-03,  9.48437E-03,NA,NA,NA,NA,NA,NA,NA,NA,NA,NA,NA,NA,NA,NA,NA,NA,NA,NA,NA,NA,NA,NA,NA,NA,NA,NA,NA,NA,NA,NA,NA,NA,NA,NA,NA,NA,NA,NA, -3.18263E-03, -3.40198E-03, -3.58682E-03, -3.74454E-03, -3.88065E-03, -3.99917E-03, -4.10307E-03, -4.19449E-03, -4.27501E-03, -4.34575E-03, -4.40757E-03, -4.46108E-03, -4.50679E-03, -4.54508E-03, -4.57631E-03, -4.60079E-03, -4.61882E-03, -4.63068E-03, -4.63666E-03, -4.63707E-03, -4.63221E-03, -4.62237E-03, -4.60786E-03, -4.58900E-03,
  3.97044E-03,  4.00897E-03,  4.04631E-03,  4.08247E-03,  4.11750E-03,  4.15150E-03,  4.18464E-03,  4.21718E-03,  4.24947E-03,  4.28200E-03,  4.31540E-03,  4.35052E-03,  4.38842E-03,  4.43044E-03,  4.47829E-03,  4.53407E-03,  4.60039E-03,  4.68045E-03,  4.77817E-03,  4.89836E-03,  5.04682E-03,  5.23061E-03,  5.45827E-03,  5.74007E-03,  6.08841E-03,  6.51817E-03,  7.04722E-03,  7.69695E-03,  8.49299E-03,  9.46601E-03,  1.06526E-02,NA,NA,NA,NA,NA,NA,NA,NA,NA,NA,NA,NA,NA,NA,NA,NA,NA,NA,NA,NA,NA,NA,NA,NA,NA,NA,NA,NA,NA,NA,NA,NA,NA,NA,NA,NA,NA, -1.81907E-03, -2.17226E-03, -2.47101E-03, -2.72612E-03, -2.94597E-03, -3.13699E-03, -3.30412E-03, -3.45115E-03, -3.58098E-03, -3.69583E-03, -3.79744E-03, -3.88714E-03, -3.96599E-03, -4.03487E-03, -4.09447E-03, -4.14542E-03, -4.18824E-03, -4.22342E-03, -4.25139E-03, -4.27259E-03, -4.28741E-03, -4.29623E-03, -4.29944E-03, -4.29740E-03, -4.29046E-03,
  3.96181E-03,  4.00485E-03,  4.04743E-03,  4.08965E-03,  4.13166E-03,  4.17367E-03,  4.21596E-03,  4.25891E-03,  4.30303E-03,  4.34895E-03,  4.39746E-03,  4.44959E-03,  4.50657E-03,  4.56997E-03,  4.64166E-03,  4.72397E-03,  4.81970E-03,  4.93228E-03,  5.06582E-03,  5.22528E-03,  5.41661E-03,  5.64696E-03,  5.92487E-03,  6.26056E-03,  6.66619E-03,  7.15630E-03,  7.74815E-03,  8.46232E-03,  9.32332E-03,  1.03603E-02,  1.16081E-02,NA,NA,NA,NA,NA,NA,NA,NA,NA,NA,NA,NA,NA,NA,NA,NA,NA,NA,NA,NA,NA,NA,NA,NA,NA,NA,NA,NA,NA,NA,NA,NA,NA,NA,NA,NA, -3.18257E-04, -8.21948E-04, -1.24964E-03, -1.61551E-03, -1.93083E-03, -2.20453E-03, -2.44367E-03, -2.65381E-03, -2.83933E-03, -3.00368E-03, -3.14961E-03, -3.27929E-03, -3.39448E-03, -3.49660E-03, -3.58681E-03, -3.66610E-03, -3.73529E-03, -3.79512E-03, -3.84622E-03, -3.88918E-03, -3.92454E-03, -3.95278E-03, -3.97438E-03, -3.98976E-03, -3.99936E-03, -4.00358E-03,
  3.95447E-03,  4.00187E-03,  4.04950E-03,  4.09752E-03,  4.14617E-03,  4.19574E-03,  4.24664E-03,  4.29934E-03,  4.35445E-03,  4.41274E-03,  4.47514E-03,  4.54279E-03,  4.61709E-03,  4.69972E-03,  4.79273E-03,  4.89858E-03,  5.02020E-03,  5.16113E-03,  5.32557E-03,  5.51856E-03,  5.74605E-03,  6.01514E-03,  6.33423E-03,  6.71328E-03,  7.16407E-03,  7.70054E-03,  8.33919E-03,  9.09954E-03,  1.00047E-02,  1.10822E-02,  1.23648E-02,NA,NA,NA,NA,NA,NA,NA,NA,NA,NA,NA,NA,NA,NA,NA,NA,NA,NA,NA,NA,NA,NA,NA,NA,NA,NA,NA,NA,NA,NA,NA,NA,NA,NA,NA,  1.30898E-03,  6.42008E-04,  7.31722E-05, -4.14809E-04, -8.35971E-04, -1.20167E-03, -1.52106E-03, -1.80153E-03, -2.04901E-03, -2.26827E-03, -2.46315E-03, -2.63677E-03, -2.79164E-03, -2.92983E-03, -3.05304E-03, -3.16268E-03, -3.25996E-03, -3.34588E-03, -3.42135E-03, -3.48713E-03, -3.54394E-03, -3.59239E-03, -3.63307E-03, -3.66652E-03, -3.69322E-03, -3.71365E-03, -3.72826E-03,
  3.94791E-03,  3.99948E-03,  4.05190E-03,  4.10539E-03,  4.16028E-03,  4.21693E-03,  4.27582E-03,  4.33752E-03,  4.40274E-03,  4.47233E-03,  4.54732E-03,  4.62897E-03,  4.71877E-03,  4.81850E-03,  4.93030E-03,  5.05671E-03,  5.20074E-03,  5.36596E-03,  5.55659E-03,  5.77761E-03,  6.03490E-03,  6.33537E-03,  6.68716E-03,  7.09984E-03,  7.58463E-03,  8.15475E-03,  8.82572E-03,  9.61581E-03,  1.05466E-02,  1.16436E-02,  1.29373E-02,  1.44642E-02,NA,NA,NA,NA,NA,NA,NA,NA,NA,NA,NA,NA,NA,NA,NA,NA,NA,NA,NA,NA,NA,NA,NA,NA,NA,NA,NA,NA,NA,NA,NA,NA,NA,  3.04305E-03,  2.20518E-03,  1.48703E-03,  8.68680E-04,  3.33638E-04, -1.31655E-04, -5.38334E-04, -8.95520E-04, -1.21067E-03, -1.48989E-03, -1.73816E-03, -1.95956E-03, -2.15744E-03, -2.33456E-03, -2.49321E-03, -2.63530E-03, -2.76243E-03, -2.87597E-03, -2.97709E-03, -3.06681E-03, -3.14601E-03, -3.21550E-03, -3.27599E-03, -3.32813E-03, -3.37251E-03, -3.40968E-03, -3.44014E-03, -3.46439E-03,
  3.94164E-03,  3.99715E-03,  4.05406E-03,  4.11267E-03,  4.17335E-03,  4.23654E-03,  4.30276E-03,  4.37268E-03,  4.44707E-03,  4.52685E-03,  4.61313E-03,  4.70723E-03,  4.81070E-03,  4.92540E-03,  5.05351E-03,  5.19759E-03,  5.36066E-03,  5.54627E-03,  5.75857E-03,  6.00244E-03,  6.28356E-03,  6.60859E-03,  6.98527E-03,  7.42268E-03,  7.93137E-03,  8.52368E-03,  9.21403E-03,  1.00193E-02,  1.09593E-02,  1.20573E-02,  1.33412E-02,  1.48443E-02,NA,NA,NA,NA,NA,NA,NA,NA,NA,NA,NA,NA,NA,NA,NA,NA,NA,NA,NA,NA,NA,NA,NA,NA,NA,NA,NA,NA,NA,NA,NA,NA,  4.85568E-03,  3.84550E-03,  2.97497E-03,  2.22206E-03,  1.56832E-03,  9.98324E-04,  4.99244E-04,  6.03947E-05, -3.27089E-04, -6.70556E-04, -9.76097E-04, -1.24876E-03, -1.49272E-03, -1.71147E-03, -1.90792E-03, -2.08449E-03, -2.24324E-03, -2.38590E-03, -2.51398E-03, -2.62874E-03, -2.73131E-03, -2.82267E-03, -2.90370E-03, -2.97516E-03, -3.03778E-03, -3.09218E-03, -3.13897E-03, -3.17869E-03, -3.21183E-03,
  3.93526E-03,  3.99443E-03,  4.05550E-03,  4.11883E-03,  4.18482E-03,  4.25396E-03,  4.32684E-03,  4.40417E-03,  4.48676E-03,  4.57561E-03,  4.67185E-03,  4.77686E-03,  4.89222E-03,  5.01980E-03,  5.16180E-03,  5.32076E-03,  5.49966E-03,  5.70197E-03,  5.93172E-03,  6.19360E-03,  6.49304E-03,  6.83634E-03,  7.23082E-03,  7.68493E-03,  8.20848E-03,  8.81283E-03,  9.51117E-03,  1.03188E-02,  1.12537E-02,  1.23369E-02,  1.35931E-02,  1.50518E-02,NA,NA,NA,NA,NA,NA,NA,NA,NA,NA,NA,NA,NA,NA,NA,NA,NA,NA,NA,NA,NA,NA,NA,NA,NA,NA,NA,NA,NA,NA,NA,  6.71040E-03,  5.53354E-03,  4.51346E-03,  3.62670E-03,  2.85343E-03,  2.17686E-03,  1.58283E-03,  1.05939E-03,  5.96497E-04,  1.85699E-04, -1.80083E-04, -5.06792E-04, -7.99409E-04, -1.06212E-03, -1.29844E-03, -1.51134E-03, -1.70333E-03, -1.87654E-03, -2.03280E-03, -2.17369E-03, -2.30056E-03, -2.41460E-03, -2.51687E-03, -2.60828E-03, -2.68968E-03, -2.76181E-03, -2.82535E-03, -2.88093E-03, -2.92912E-03, -2.97044E-03,
  3.92837E-03,  3.99091E-03,  4.05579E-03,  4.12341E-03,  4.19420E-03,  4.26870E-03,  4.34754E-03,  4.43145E-03,  4.52129E-03,  4.61807E-03,  4.72297E-03,  4.83738E-03,  4.96287E-03,  5.10133E-03,  5.25490E-03,  5.42609E-03,  5.61779E-03,  5.83335E-03,  6.07662E-03,  6.35205E-03,  6.66478E-03,  7.02070E-03,  7.42659E-03,  7.89027E-03,  8.42070E-03,  9.02821E-03,  9.72469E-03,  1.05239E-02,  1.14416E-02,  1.24965E-02,  1.37101E-02,  1.51079E-02,  1.67205E-02,NA,NA,NA,NA,NA,NA,NA,NA,NA,NA,NA,NA,NA,NA,NA,NA,NA,NA,NA,NA,NA,NA,NA,NA,NA,NA,NA,NA,  1.00914E-02,  8.56315E-03,  7.23302E-03,  6.07279E-03,  5.05845E-03,  4.16946E-03,  3.38828E-03,  2.69989E-03,  2.09148E-03,  1.55214E-03,  1.07257E-03,  6.44860E-04,  2.62322E-04, -8.07321E-05, -3.89123E-04, -6.66941E-04, -9.17663E-04, -1.14425E-03, -1.34923E-03, -1.53477E-03, -1.70273E-03, -1.85474E-03, -1.99221E-03, -2.11637E-03, -2.22830E-03, -2.32899E-03, -2.41929E-03, -2.49999E-03, -2.57179E-03, -2.63535E-03, -2.69125E-03, -2.74005E-03,
  3.92065E-03,  3.98624E-03,  4.05456E-03,  4.12603E-03,  4.20111E-03,  4.28036E-03,  4.36444E-03,  4.45411E-03,  4.55024E-03,  4.65386E-03,  4.76615E-03,  4.88848E-03,  5.02244E-03,  5.16985E-03,  5.33281E-03,  5.51374E-03,  5.71541E-03,  5.94102E-03,  6.19421E-03,  6.47915E-03,  6.80063E-03,  7.16409E-03,  7.57577E-03,  8.04276E-03,  8.57316E-03,  9.17624E-03,  9.86253E-03,  1.06441E-02,  1.15348E-02,  1.25506E-02,  1.37099E-02,  1.50340E-02,  1.65481E-02,  1.82817E-02,NA,NA,NA,NA,NA,NA,NA,NA,NA,NA,NA,NA,NA,NA,NA,NA,NA,NA,NA,NA,NA,NA,NA,NA,NA,NA,NA,  1.03630E-02,  8.90155E-03,  7.61776E-03,  6.48813E-03,  5.49235E-03,  4.61281E-03,  3.83426E-03,  3.14350E-03,  2.52914E-03,  1.98135E-03,  1.49167E-03,  1.05284E-03,  6.58624E-04,  3.03669E-04, -1.66033E-05, -3.06119E-04, -5.68249E-04, -8.05888E-04, -1.02153E-03, -1.21734E-03, -1.39518E-03, -1.55669E-03, -1.70328E-03, -1.83623E-03, -1.95663E-03, -2.06549E-03, -2.16369E-03, -2.25203E-03, -2.33125E-03, -2.40200E-03, -2.46488E-03, -2.52047E-03,
  3.91182E-03,  3.98014E-03,  4.05151E-03,  4.12637E-03,  4.20522E-03,  4.28862E-03,  4.37724E-03,  4.47185E-03,  4.57333E-03,  4.68271E-03,  4.80116E-03,  4.93003E-03,  5.07085E-03,  5.22541E-03,  5.39571E-03,  5.58407E-03,  5.79312E-03,  6.02587E-03,  6.28571E-03,  6.57653E-03,  6.90272E-03,  7.26926E-03,  7.68180E-03,  8.14672E-03,  8.67123E-03,  9.26350E-03,  9.93274E-03,  1.06894E-02,  1.15453E-02,  1.25137E-02,  1.36100E-02,  1.48515E-02,  1.62580E-02,  1.78522E-02,NA,NA,NA,NA,NA,NA,NA,NA,NA,NA,NA,NA,NA,NA,NA,NA,NA,NA,NA,NA,NA,NA,NA,NA,NA,NA,  1.20535E-02,  1.04917E-02,  9.10856E-03,  7.88237E-03,  6.79414E-03,  5.82711E-03,  4.96650E-03,  4.19930E-03,  3.51413E-03,  2.90102E-03,  2.35125E-03,  1.85725E-03,  1.41244E-03,  1.01109E-03,  6.48274E-04,  3.19690E-04,  2.16309E-05, -2.49116E-04, -4.95337E-04, -7.19454E-04, -9.23575E-04, -1.10954E-03, -1.27897E-03, -1.43329E-03, -1.57374E-03, -1.70146E-03, -1.81743E-03, -1.92256E-03, -2.01766E-03, -2.10345E-03, -2.18062E-03, -2.24978E-03, -2.31148E-03,
  3.90165E-03,  3.97236E-03,  4.04639E-03,  4.12420E-03,  4.20628E-03,  4.29322E-03,  4.38569E-03,  4.48446E-03,  4.59040E-03,  4.70451E-03,  4.82795E-03,  4.96203E-03,  5.10822E-03,  5.26823E-03,  5.44398E-03,  5.63766E-03,  5.85172E-03,  6.08896E-03,  6.35255E-03,  6.64602E-03,  6.97338E-03,  7.33914E-03,  7.74834E-03,  8.20664E-03,  8.72038E-03,  9.29666E-03,  9.94338E-03,  1.06694E-02,  1.14845E-02,  1.23998E-02,  1.34275E-02,  1.45810E-02,  1.58755E-02,  1.73275E-02,  1.89547E-02,NA,NA,NA,NA,NA,NA,NA,NA,NA,NA,NA,NA,NA,NA,NA,NA,NA,NA,NA,NA,NA,NA,NA,NA,  1.35747E-02,  1.19530E-02,  1.05023E-02,  9.20472E-03,  8.04391E-03,  7.00498E-03,  6.07446E-03,  5.24021E-03,  4.49141E-03,  3.81837E-03,  3.21253E-03,  2.66628E-03,  2.17296E-03,  1.72666E-03,  1.32223E-03,  9.55160E-04,  6.21490E-04,  3.17768E-04,  4.09728E-05, -2.11537E-04, -4.42076E-04, -6.52674E-04, -8.45119E-04, -1.02099E-03, -1.18167E-03, -1.32842E-03, -1.46233E-03, -1.58440E-03, -1.69553E-03, -1.79652E-03, -1.88810E-03, -1.97096E-03, -2.04569E-03, -2.11288E-03,
  3.88994E-03,  3.96270E-03,  4.03901E-03,  4.11931E-03,  4.20412E-03,  4.29402E-03,  4.38967E-03,  4.49182E-03,  4.60135E-03,  4.71923E-03,  4.84656E-03,  4.98460E-03,  5.13478E-03,  5.29869E-03,  5.47816E-03,  5.67522E-03,  5.89216E-03,  6.13156E-03,  6.39631E-03,  6.68962E-03,  7.01511E-03,  7.37678E-03,  7.77911E-03,  8.22704E-03,  8.72607E-03,  9.28226E-03,  9.90228E-03,  1.05935E-02,  1.13639E-02,  1.22223E-02,  1.31782E-02,  1.42417E-02,  1.54237E-02,  1.67354E-02,  1.81879E-02,  1.97916E-02,NA,NA,NA,NA,NA,NA,NA,NA,NA,NA,NA,NA,NA,NA,NA,NA,NA,NA,NA,NA,NA,NA,  1.48682E-02,  1.32349E-02,  1.17553E-02,  1.04175E-02,  9.20913E-03,  8.11843E-03,  7.13410E-03,  6.24566E-03,  5.44339E-03,  4.71845E-03,  4.06279E-03,  3.46915E-03,  2.93102E-03,  2.44259E-03,  1.99868E-03,  1.59469E-03,  1.22656E-03,  8.90678E-04,  5.83886E-04,  3.03376E-04,  4.66788E-05, -1.88389E-04, -4.03759E-04, -6.01139E-04, -7.82048E-04, -9.47840E-04, -1.09972E-03, -1.23877E-03, -1.36598E-03, -1.48220E-03, -1.58826E-03, -1.68487E-03, -1.77270E-03, -1.85235E-03, -1.92440E-03,
  3.87653E-03,  3.95101E-03,  4.02921E-03,  4.11157E-03,  4.19861E-03,  4.29090E-03,  4.38909E-03,  4.49391E-03,  4.60621E-03,  4.72693E-03,  4.85712E-03,  4.99798E-03,  5.15086E-03,  5.31727E-03,  5.49889E-03,  5.69761E-03,  5.91554E-03,  6.15503E-03,  6.41869E-03,  6.70943E-03,  7.03044E-03,  7.38528E-03,  7.77783E-03,  8.21239E-03,  8.69362E-03,  9.22664E-03,  9.81696E-03,  1.04706E-02,  1.11938E-02,  1.19935E-02,  1.28768E-02,  1.38508E-02,  1.49230E-02,  1.61001E-02,  1.73883E-02,  1.87916E-02,  2.03111E-02,NA,NA,NA,NA,NA,NA,NA,NA,NA,NA,NA,NA,NA,NA,NA,NA,NA,NA,NA,NA,  1.58832E-02,  1.42912E-02,  1.28264E-02,  1.14841E-02,  1.02576E-02,  9.13914E-03,  8.12068E-03,  7.19406E-03,  6.35136E-03,  5.58505E-03,  4.88805E-03,  4.25381E-03,  3.67630E-03,  3.15003E-03,  2.67001E-03,  2.23175E-03,  1.83122E-03,  1.46479E-03,  1.12923E-03,  8.21675E-04,  5.39546E-04,  2.80563E-04,  4.26925E-05, -1.75879E-04, -3.76768E-04, -5.61420E-04, -7.31129E-04, -8.87060E-04, -1.03026E-03, -1.16167E-03, -1.28216E-03, -1.39250E-03, -1.49341E-03, -1.58553E-03, -1.66948E-03, -1.74579E-03,
  3.86132E-03,  3.93719E-03,  4.01690E-03,  4.10090E-03,  4.18969E-03,  4.28382E-03,  4.38394E-03,  4.49075E-03,  4.60506E-03,  4.72776E-03,  4.85987E-03,  5.00250E-03,  5.15692E-03,  5.32454E-03,  5.50690E-03,  5.70575E-03,  5.92301E-03,  6.16080E-03,  6.42146E-03,  6.70757E-03,  7.02196E-03,  7.36771E-03,  7.74818E-03,  8.16702E-03,  8.62816E-03,  9.13582E-03,  9.69447E-03,  1.03089E-02,  1.09839E-02,  1.17246E-02,  1.25362E-02,  1.34233E-02,  1.43906E-02,  1.54416E-02,  1.65784E-02,  1.78010E-02,  1.91058E-02,  2.04845E-02,  2.19213E-02,NA,NA,NA,NA,NA,NA,NA,NA,NA,NA,NA,NA,NA,NA,NA,NA,NA,  1.65850E-02,  1.50864E-02,  1.36811E-02,  1.23723E-02,  1.11596E-02,  1.00403E-02,  9.01014E-03,  8.06400E-03,  7.19633E-03,  6.40144E-03,  5.67363E-03,  5.00743E-03,  4.39760E-03,  3.83923E-03,  3.32778E-03,  2.85902E-03,  2.42912E-03,  2.03459E-03,  1.67223E-03,  1.33919E-03,  1.03289E-03,  7.50997E-04,  4.91430E-04,  2.52315E-04,  3.19681E-05, -1.71123E-04, -3.58320E-04, -5.30849E-04, -6.89818E-04, -8.36230E-04, -9.70996E-04, -1.09494E-03, -1.20883E-03, -1.31334E-03, -1.40913E-03, -1.49676E-03, -1.57679E-03,
  3.84422E-03,  3.92116E-03,  4.00203E-03,  4.08726E-03,  4.17734E-03,  4.27280E-03,  4.37428E-03,  4.48243E-03,  4.59804E-03,  4.72195E-03,  4.85510E-03,  4.99855E-03,  5.15346E-03,  5.32114E-03,  5.50302E-03,  5.70066E-03,  5.91580E-03,  6.15035E-03,  6.40639E-03,  6.68618E-03,  6.99219E-03,  7.32706E-03,  7.69367E-03,  8.09507E-03,  8.53451E-03,  9.01540E-03,  9.54129E-03,  1.01158E-02,  1.07427E-02,  1.14256E-02,  1.21677E-02,  1.29721E-02,  1.38410E-02,  1.47755E-02,  1.57753E-02,  1.68374E-02,  1.79557E-02,  1.91199E-02,  2.03135E-02,  2.15131E-02,  2.26868E-02,NA,NA,NA,NA,NA,NA,NA,NA,NA,NA,NA,NA,NA,  1.83609E-02,  1.69613E-02,  1.56011E-02,  1.42966E-02,  1.30580E-02,  1.18913E-02,  1.07989E-02,  9.78088E-03,  8.83555E-03,  7.96017E-03,  7.15124E-03,  6.40487E-03,  5.71695E-03,  5.08335E-03,  4.50000E-03,  3.96299E-03,  3.46860E-03,  3.01336E-03,  2.59401E-03,  2.20756E-03,  1.85127E-03,  1.52261E-03,  1.21931E-03,  9.39279E-04,  6.80633E-04,  4.41663E-04,  2.20823E-04,  1.67135E-05, -1.71935E-04, -3.46274E-04, -5.07348E-04, -6.56109E-04, -7.93425E-04, -9.20087E-04, -1.03682E-03, -1.14430E-03, -1.24313E-03, -1.33389E-03, -1.41709E-03,
  3.82517E-03,  3.90288E-03,  3.98456E-03,  4.07063E-03,  4.16157E-03,  4.25790E-03,  4.36019E-03,  4.46911E-03,  4.58536E-03,  4.70975E-03,  4.84316E-03,  4.98657E-03,  5.14105E-03,  5.30779E-03,  5.48808E-03,  5.68336E-03,  5.89517E-03,  6.12519E-03,  6.37527E-03,  6.64736E-03,  6.94360E-03,  7.26623E-03,  7.61767E-03,  8.00043E-03,  8.41715E-03,  8.87054E-03,  9.36334E-03,  9.89828E-03,  1.04780E-02,  1.11048E-02,  1.17808E-02,  1.25075E-02,  1.32854E-02,  1.41141E-02,  1.49912E-02,  1.59124E-02,  1.68703E-02,  1.78540E-02,  1.88478E-02,  1.98310E-02,  2.07771E-02,  2.16538E-02,  2.24248E-02,  2.30512E-02,NA,NA,NA,NA,NA,NA,  2.14671E-02,  2.04688E-02,  1.93717E-02,  1.82131E-02,  1.70255E-02,  1.58357E-02,  1.46647E-02,  1.35280E-02,  1.24367E-02,  1.13978E-02,  1.04155E-02,  9.49181E-03,  8.62679E-03,  7.81946E-03,  7.06792E-03,  6.36975E-03,  5.72211E-03,  5.12203E-03,  4.56644E-03,  4.05230E-03,  3.57663E-03,  3.13660E-03,  2.72951E-03,  2.35285E-03,  2.00425E-03,  1.68155E-03,  1.38273E-03,  1.10596E-03,  8.49540E-04,  6.11941E-04,  3.91751E-04,  1.87686E-04, -1.42709E-06, -1.76657E-04, -3.38981E-04, -4.89295E-04, -6.28419E-04, -7.57104E-04, -8.76044E-04, -9.85876E-04, -1.08719E-03, -1.18053E-03, -1.26641E-03,
  3.80417E-03,  3.88234E-03,  3.96451E-03,  4.05107E-03,  4.14246E-03,  4.23920E-03,  4.34182E-03,  4.45095E-03,  4.56726E-03,  4.69149E-03,  4.82445E-03,  4.96705E-03,  5.12028E-03,  5.28520E-03,  5.46299E-03,  5.65491E-03,  5.86235E-03,  6.08679E-03,  6.32982E-03,  6.59314E-03,  6.87854E-03,  7.18794E-03,  7.52331E-03,  7.88670E-03,  8.28021E-03,  8.70592E-03,  9.16589E-03,  9.66206E-03,  1.01962E-02,  1.07697E-02,  1.13836E-02,  1.20382E-02,  1.27329E-02,  1.34662E-02,  1.42347E-02,  1.50331E-02,  1.58539E-02,  1.66863E-02,  1.75163E-02,  1.83260E-02,  1.90937E-02,  1.97943E-02,  2.04004E-02,  2.08839E-02,  2.12187E-02,  2.13834E-02,  2.13644E-02,  2.11571E-02,  2.07674E-02,  2.02105E-02,  1.95089E-02,  1.86898E-02,  1.77820E-02,  1.68136E-02,  1.58101E-02,  1.47936E-02,  1.37822E-02,  1.27900E-02,  1.18277E-02,  1.09027E-02,  1.00203E-02,  9.18341E-03,  8.39344E-03,  7.65064E-03,  6.95433E-03,  6.30321E-03,  5.69550E-03,  5.12915E-03,  4.60194E-03,  4.11157E-03,  3.65573E-03,  3.23215E-03,  2.83862E-03,  2.47306E-03,  2.13347E-03,  1.81800E-03,  1.52491E-03,  1.25258E-03,  9.99525E-04,  7.64362E-04,  5.45826E-04,  3.42748E-04,  1.54056E-04, -2.12362E-05, -1.84035E-04, -3.35175E-04, -4.75425E-04, -6.05494E-04, -7.26037E-04, -8.37660E-04, -9.40925E-04, -1.03635E-03, -1.12443E-03,
  3.78120E-03,  3.85957E-03,  3.94192E-03,  4.02862E-03,  4.12010E-03,  4.21683E-03,  4.31934E-03,  4.42819E-03,  4.54402E-03,  4.66750E-03,  4.79940E-03,  4.94053E-03,  5.09178E-03,  5.25413E-03,  5.42861E-03,  5.61637E-03,  5.81860E-03,  6.03659E-03,  6.27173E-03,  6.52544E-03,  6.79926E-03,  7.09474E-03,  7.41351E-03,  7.75718E-03,  8.12739E-03,  8.52570E-03,  8.95357E-03,  9.41232E-03,  9.90297E-03,  1.04262E-02,  1.09823E-02,  1.15707E-02,  1.21901E-02,  1.28381E-02,  1.35110E-02,  1.42031E-02,  1.49070E-02,  1.56130E-02,  1.63085E-02,  1.69785E-02,  1.76056E-02,  1.81700E-02,  1.86509E-02,  1.90279E-02,  1.92822E-02,  1.93989E-02,  1.93684E-02,  1.91878E-02,  1.88612E-02,  1.83993E-02,  1.78180E-02,  1.71368E-02,  1.63771E-02,  1.55603E-02,  1.47064E-02,  1.38334E-02,  1.29564E-02,  1.20881E-02,  1.12382E-02,  1.04142E-02,  9.62159E-03,  8.86391E-03,  8.14339E-03,  7.46112E-03,  6.81731E-03,  6.21150E-03,  5.64276E-03,  5.10979E-03,  4.61105E-03,  4.14487E-03,  3.70952E-03,  3.30320E-03,  2.92416E-03,  2.57069E-03,  2.24114E-03,  1.93393E-03,  1.64758E-03,  1.38068E-03,  1.13194E-03,  9.00130E-04,  6.84119E-04,  4.82857E-04,  2.95369E-04,  1.20756E-04, -4.18187E-05, -1.93126E-04, -3.33882E-04, -4.64749E-04, -5.86342E-04, -6.99235E-04, -8.03959E-04, -9.01009E-04, -9.90848E-04,
  3.75629E-03,  3.83461E-03,  3.91685E-03,  4.00338E-03,  4.09460E-03,  4.19096E-03,  4.29294E-03,  4.40107E-03,  4.51594E-03,  4.63817E-03,  4.76845E-03,  4.90752E-03,  5.05619E-03,  5.21533E-03,  5.38585E-03,  5.56876E-03,  5.76509E-03,  5.97598E-03,  6.20258E-03,  6.44611E-03,  6.70782E-03,  6.98900E-03,  7.29092E-03,  7.61486E-03,  7.96203E-03,  8.33356E-03,  8.73044E-03,  9.15344E-03,  9.60306E-03,  1.00794E-02,  1.05821E-02,  1.11102E-02,  1.16618E-02,  1.22341E-02,  1.28231E-02,  1.34235E-02,  1.40282E-02,  1.46283E-02,  1.52132E-02,  1.57704E-02,  1.62856E-02,  1.67435E-02,  1.71283E-02,  1.74246E-02,  1.76189E-02,  1.77003E-02,  1.76623E-02,  1.75027E-02,  1.72246E-02,  1.68356E-02,  1.63472E-02,  1.57739E-02,  1.51316E-02,  1.44367E-02,  1.37049E-02,  1.29509E-02,  1.21873E-02,  1.14250E-02,  1.06729E-02,  9.93797E-03,  9.22564E-03,  8.53978E-03,  7.88303E-03,  7.25704E-03,  6.66265E-03,  6.10003E-03,  5.56887E-03,  5.06847E-03,  4.59786E-03,  4.15589E-03,  3.74129E-03,  3.35271E-03,  2.98878E-03,  2.64810E-03,  2.32935E-03,  2.03120E-03,  1.75240E-03,  1.49175E-03,  1.24811E-03,  1.02043E-03,  8.07691E-04,  6.08962E-04,  4.23366E-04,  2.50086E-04,  8.83589E-05, -6.25239E-05, -2.03223E-04, -3.34356E-04, -4.56495E-04, -5.70178E-04, -6.75905E-04, -7.74144E-04, -8.65334E-04,
  3.72949E-03,  3.80751E-03,  3.88938E-03,  3.97546E-03,  4.06611E-03,  4.16175E-03,  4.26284E-03,  4.36986E-03,  4.48335E-03,  4.60387E-03,  4.73206E-03,  4.86859E-03,  5.01416E-03,  5.16954E-03,  5.33557E-03,  5.51308E-03,  5.70300E-03,  5.90627E-03,  6.12388E-03,  6.35683E-03,  6.60615E-03,  6.87286E-03,  7.15796E-03,  7.46241E-03,  7.78707E-03,  8.13272E-03,  8.49994E-03,  8.88912E-03,  9.30031E-03,  9.73322E-03,  1.01871E-02,  1.06605E-02,  1.11513E-02,  1.16567E-02,  1.21726E-02,  1.26939E-02,  1.32142E-02,  1.37257E-02,  1.42194E-02,  1.46848E-02,  1.51105E-02,  1.54843E-02,  1.57942E-02,  1.60286E-02,  1.61774E-02,  1.62327E-02,  1.61897E-02,  1.60471E-02,  1.58069E-02,  1.54749E-02,  1.50596E-02,  1.45718E-02,  1.40234E-02,  1.34273E-02,  1.27959E-02,  1.21410E-02,  1.14731E-02,  1.08017E-02,  1.01344E-02,  9.47788E-03,  8.83710E-03,  8.21601E-03,  7.61747E-03,  7.04347E-03,  6.49524E-03,  5.97341E-03,  5.47813E-03,  5.00917E-03,  4.56603E-03,  4.14796E-03,  3.75409E-03,  3.38343E-03,  3.03493E-03,  2.70751E-03,  2.40009E-03,  2.11159E-03,  1.84097E-03,  1.58720E-03,  1.34933E-03,  1.12641E-03,  9.17578E-04,  7.21998E-04,  5.38888E-04,  3.67514E-04,  2.07185E-04,  5.72543E-05, -8.28852E-05, -2.13802E-04, -3.36028E-04, -4.50063E-04, -5.56376E-04, -6.55407E-04, -7.47569E-04,
  3.70086E-03,  3.77836E-03,  3.85963E-03,  3.94498E-03,  4.03478E-03,  4.12941E-03,  4.22928E-03,  4.33484E-03,  4.44658E-03,  4.56501E-03,  4.69071E-03,  4.82426E-03,  4.96630E-03,  5.11751E-03,  5.27859E-03,  5.45030E-03,  5.63341E-03,  5.82872E-03,  6.03704E-03,  6.25920E-03,  6.49602E-03,  6.74829E-03,  7.01678E-03,  7.30218E-03,  7.60507E-03,  7.92593E-03,  8.26503E-03,  8.62242E-03,  8.99787E-03,  9.39077E-03,  9.80007E-03,  1.02242E-02,  1.06609E-02,  1.11072E-02,  1.15593E-02,  1.20126E-02,  1.24612E-02,  1.28984E-02,  1.33165E-02,  1.37069E-02,  1.40604E-02,  1.43673E-02,  1.46182E-02,  1.48044E-02,  1.49182E-02,  1.49539E-02,  1.49078E-02,  1.47790E-02,  1.45692E-02,  1.42825E-02,  1.39254E-02,  1.35061E-02,  1.30338E-02,  1.25185E-02,  1.19701E-02,  1.13981E-02,  1.08113E-02,  1.02178E-02,  9.62420E-03,  9.03644E-03,  8.45924E-03,  7.89637E-03,  7.35073E-03,  6.82447E-03,  6.31909E-03,  5.83551E-03,  5.37424E-03,  4.93538E-03,  4.51879E-03,  4.12406E-03,  3.75063E-03,  3.39783E-03,  3.06488E-03,  2.75096E-03,  2.45522E-03,  2.17679E-03,  1.91480E-03,  1.66842E-03,  1.43682E-03,  1.21919E-03,  1.01479E-03,  8.22875E-04,  6.42760E-04,  4.73789E-04,  3.15339E-04,  1.66825E-04,  2.76935E-05, -1.02576E-04, -2.24475E-04, -3.38465E-04, -4.44984E-04, -5.44441E-04, -6.37225E-04,
  3.67047E-03,  3.74725E-03,  3.82769E-03,  3.91209E-03,  4.00079E-03,  4.09413E-03,  4.19249E-03,  4.29629E-03,  4.40597E-03,  4.52198E-03,  4.64484E-03,  4.77507E-03,  4.91324E-03,  5.05992E-03,  5.21574E-03,  5.38134E-03,  5.55736E-03,  5.74447E-03,  5.94335E-03,  6.15465E-03,  6.37901E-03,  6.61705E-03,  6.86930E-03,  7.13625E-03,  7.41826E-03,  7.71554E-03,  8.02814E-03,  8.35587E-03,  8.69826E-03,  9.05449E-03,  9.42337E-03,  9.80319E-03,  1.01917E-02,  1.05861E-02,  1.09827E-02,  1.13774E-02,  1.17650E-02,  1.21397E-02,  1.24949E-02,  1.28237E-02,  1.31185E-02,  1.33716E-02,  1.35757E-02,  1.37240E-02,  1.38107E-02,  1.38314E-02,  1.37834E-02,  1.36662E-02,  1.34809E-02,  1.32308E-02,  1.29207E-02,  1.25570E-02,  1.21469E-02,  1.16981E-02,  1.12188E-02,  1.07165E-02,  1.01987E-02,  9.67203E-03,  9.14245E-03,  8.61510E-03,  8.09431E-03,  7.58363E-03,  7.08590E-03,  6.60332E-03,  6.13751E-03,  5.68961E-03,  5.26035E-03,  4.85010E-03,  4.45897E-03,  4.08683E-03,  3.73338E-03,  3.39819E-03,  3.08072E-03,  2.78036E-03,  2.49647E-03,  2.22836E-03,  1.97534E-03,  1.73670E-03,  1.51176E-03,  1.29984E-03,  1.10029E-03,  9.12475E-04,  7.35784E-04,  5.69639E-04,  4.13484E-04,  2.66793E-04,  1.29066E-04, -1.73122E-07, -1.21374E-04, -2.34962E-04, -3.41341E-04, -4.40893E-04, -5.33980E-04,
  3.63840E-03,  3.71428E-03,  3.79370E-03,  3.87695E-03,  3.96431E-03,  4.05613E-03,  4.15274E-03,  4.25452E-03,  4.36186E-03,  4.47518E-03,  4.59492E-03,  4.72155E-03,  4.85556E-03,  4.99746E-03,  5.14778E-03,  5.30704E-03,  5.47580E-03,  5.65461E-03,  5.84400E-03,  6.04449E-03,  6.25657E-03,  6.48068E-03,  6.71721E-03,  6.96643E-03,  7.22854E-03,  7.50355E-03,  7.79132E-03,  8.09149E-03,  8.40343E-03,  8.72620E-03,  9.05851E-03,  9.39864E-03,  9.74440E-03,  1.00931E-02,  1.04415E-02,  1.07856E-02,  1.11212E-02,  1.14431E-02,  1.17460E-02,  1.20238E-02,  1.22706E-02,  1.24801E-02,  1.26466E-02,  1.27648E-02,  1.28302E-02,  1.28395E-02,  1.27906E-02,  1.26831E-02,  1.25179E-02,  1.22976E-02,  1.20260E-02,  1.17079E-02,  1.13491E-02,  1.09557E-02,  1.05341E-02,  1.00908E-02,  9.63180E-03,  9.16275E-03,  8.68881E-03,  8.21450E-03,  7.74372E-03,  7.27976E-03,  6.82532E-03,  6.38257E-03,  5.95319E-03,  5.53841E-03,  5.13913E-03,  4.75591E-03,  4.38903E-03,  4.03860E-03,  3.70450E-03,  3.38652E-03,  3.08431E-03,  2.79744E-03,  2.52544E-03,  2.26778E-03,  2.02391E-03,  1.79327E-03,  1.57528E-03,  1.36939E-03,  1.17502E-03,  9.91650E-04,  8.18737E-04,  6.55774E-04,  5.02269E-04,  3.57753E-04,  2.21774E-04,  9.39032E-05, -2.62699E-05, -1.39135E-04, -2.45064E-04, -3.44410E-04, -4.37509E-04,
  3.60475E-03,  3.67957E-03,  3.75779E-03,  3.83969E-03,  3.92554E-03,  4.01563E-03,  4.11028E-03,  4.20981E-03,  4.31459E-03,  4.42498E-03,  4.54138E-03,  4.66420E-03,  4.79385E-03,  4.93077E-03,  5.07541E-03,  5.22821E-03,  5.38963E-03,  5.56011E-03,  5.74006E-03,  5.92990E-03,  6.12997E-03,  6.34058E-03,  6.56196E-03,  6.79426E-03,  7.03751E-03,  7.29158E-03,  7.55621E-03,  7.83088E-03,  8.11489E-03,  8.40722E-03,  8.70654E-03,  9.01116E-03,  9.31902E-03,  9.62758E-03,  9.93390E-03,  1.02346E-02,  1.05257E-02,  1.08030E-02,  1.10618E-02,  1.12974E-02,  1.15046E-02,  1.16786E-02,  1.18147E-02,  1.19088E-02,  1.19573E-02,  1.19578E-02,  1.19086E-02,  1.18094E-02,  1.16610E-02,  1.14654E-02,  1.12255E-02,  1.09452E-02,  1.06290E-02,  1.02819E-02,  9.90911E-03,  9.51584E-03,  9.10717E-03,  8.68789E-03,  8.26242E-03,  7.83472E-03,  7.40828E-03,  6.98611E-03,  6.57073E-03,  6.16422E-03,  5.76826E-03,  5.38413E-03,  5.01281E-03,  4.65499E-03,  4.31111E-03,  3.98140E-03,  3.66594E-03,  3.36465E-03,  3.07736E-03,  2.80378E-03,  2.54359E-03,  2.29639E-03,  2.06177E-03,  1.83927E-03,  1.62843E-03,  1.42878E-03,  1.23987E-03,  1.06121E-03,  8.92363E-04,  7.32877E-04,  5.82322E-04,  4.40279E-04,  3.06347E-04,  1.80139E-04,  6.12833E-05, -5.05751E-05, -1.55776E-04, -2.54645E-04, -3.47492E-04,
  3.56962E-03,  3.64323E-03,  3.72011E-03,  3.80050E-03,  3.88466E-03,  3.97285E-03,  4.06535E-03,  4.16246E-03,  4.26450E-03,  4.37178E-03,  4.48466E-03,  4.60349E-03,  4.72863E-03,  4.86045E-03,  4.99931E-03,  5.14560E-03,  5.29967E-03,  5.46187E-03,  5.63253E-03,  5.81194E-03,  6.00034E-03,  6.19794E-03,  6.40484E-03,  6.62106E-03,  6.84653E-03,  7.08102E-03,  7.32413E-03,  7.57531E-03,  7.83377E-03,  8.09845E-03,  8.36806E-03,  8.64098E-03,  8.91524E-03,  9.18855E-03,  9.45824E-03,  9.72130E-03,  9.97435E-03,  1.02137E-02,  1.04356E-02,  1.06358E-02,  1.08103E-02,  1.09551E-02,  1.10664E-02,  1.11411E-02,  1.11762E-02,  1.11698E-02,  1.11208E-02,  1.10288E-02,  1.08945E-02,  1.07194E-02,  1.05060E-02,  1.02573E-02,  9.97685E-03,  9.66881E-03,  9.33736E-03,  8.98682E-03,  8.62143E-03,  8.24527E-03,  7.86212E-03,  7.47545E-03,  7.08835E-03,  6.70355E-03,  6.32337E-03,  5.94979E-03,  5.58442E-03,  5.22856E-03,  4.88324E-03,  4.54921E-03,  4.22702E-03,  3.91702E-03,  3.61939E-03,  3.33420E-03,  3.06139E-03,  2.80081E-03,  2.55226E-03,  2.31544E-03,  2.09006E-03,  1.87577E-03,  1.67219E-03,  1.47895E-03,  1.29566E-03,  1.12193E-03,  9.57377E-04,  8.01606E-04,  6.54246E-04,  5.14929E-04,  3.83298E-04,  2.59007E-04,  1.41722E-04,  3.11208E-05, -7.31058E-05, -1.71255E-04, -2.63614E-04,
  3.53311E-03,  3.60539E-03,  3.68079E-03,  3.75954E-03,  3.84187E-03,  3.92801E-03,  4.01821E-03,  4.11275E-03,  4.21189E-03,  4.31594E-03,  4.42517E-03,  4.53989E-03,  4.66042E-03,  4.78705E-03,  4.92011E-03,  5.05988E-03,  5.20666E-03,  5.36070E-03,  5.52227E-03,  5.69154E-03,  5.86869E-03,  6.05381E-03,  6.24692E-03,  6.44795E-03,  6.65673E-03,  6.87294E-03,  7.09615E-03,  7.32573E-03,  7.56085E-03,  7.80050E-03,  8.04339E-03,  8.28799E-03,  8.53250E-03,  8.77482E-03,  9.01257E-03,  9.24309E-03,  9.46347E-03,  9.67056E-03,  9.86108E-03,  1.00316E-02,  1.01789E-02,  1.02996E-02,  1.03906E-02,  1.04494E-02,  1.04738E-02,  1.04622E-02,  1.04136E-02,  1.03279E-02,  1.02055E-02,  1.00478E-02,  9.85668E-03,  9.63455E-03,  9.38439E-03,  9.10947E-03,  8.81328E-03,  8.49940E-03,  8.17139E-03,  7.83270E-03,  7.48660E-03,  7.13609E-03,  6.78393E-03,  6.43255E-03,  6.08409E-03,  5.74039E-03,  5.40299E-03,  5.07316E-03,  4.75194E-03,  4.44013E-03,  4.13833E-03,  3.84697E-03,  3.56634E-03,  3.29659E-03,  3.03777E-03,  2.78983E-03,  2.55265E-03,  2.32607E-03,  2.10986E-03,  1.90376E-03,  1.70749E-03,  1.52074E-03,  1.34320E-03,  1.17455E-03,  1.01446E-03,  8.62588E-04,  7.18623E-04,  5.82239E-04,  4.53122E-04,  3.30965E-04,  2.15469E-04,  1.06344E-04,  3.30917E-06, -9.39064E-05, -1.85564E-04,
  3.49534E-03,  3.56617E-03,  3.63998E-03,  3.71697E-03,  3.79734E-03,  3.88131E-03,  3.96911E-03,  4.06095E-03,  4.15710E-03,  4.25779E-03,  4.36328E-03,  4.47382E-03,  4.58968E-03,  4.71112E-03,  4.83837E-03,  4.97168E-03,  5.11127E-03,  5.25734E-03,  5.41005E-03,  5.56954E-03,  5.73588E-03,  5.90910E-03,  6.08913E-03,  6.27585E-03,  6.46901E-03,  6.66825E-03,  6.87307E-03,  7.08283E-03,  7.29670E-03,  7.51369E-03,  7.73257E-03,  7.95191E-03,  8.17006E-03,  8.38512E-03,  8.59497E-03,  8.79728E-03,  8.98952E-03,  9.16901E-03,  9.33296E-03,  9.47855E-03,  9.60298E-03,  9.70359E-03,  9.77791E-03,  9.82379E-03,  9.83951E-03,  9.82378E-03,  9.77589E-03,  9.69569E-03,  9.58361E-03,  9.44068E-03,  9.26845E-03,  9.06892E-03,  8.84450E-03,  8.59787E-03,  8.33193E-03,  8.04966E-03,  7.75405E-03,  7.44804E-03,  7.13444E-03,  6.81588E-03,  6.49478E-03,  6.17331E-03,  5.85344E-03,  5.53684E-03,  5.22498E-03,  4.91909E-03,  4.62016E-03,  4.32904E-03,  4.04635E-03,  3.77258E-03,  3.50808E-03,  3.25308E-03,  3.00770E-03,  2.77197E-03,  2.54587E-03,  2.32931E-03,  2.12213E-03,  1.92415E-03,  1.73517E-03,  1.55495E-03,  1.38323E-03,  1.21976E-03,  1.06424E-03,  9.16419E-04,  7.76005E-04,  6.42722E-04,  5.16297E-04,  3.96456E-04,  2.82935E-04,  1.75475E-04,  7.38212E-05, -2.22709E-05, -1.13040E-04,
  3.45641E-03,  3.52570E-03,  3.59782E-03,  3.67296E-03,  3.75128E-03,  3.83298E-03,  3.91827E-03,  4.00734E-03,  4.10040E-03,  4.19766E-03,  4.29936E-03,  4.40569E-03,  4.51687E-03,  4.63312E-03,  4.75462E-03,  4.88156E-03,  5.01412E-03,  5.15242E-03,  5.29657E-03,  5.44665E-03,  5.60266E-03,  5.76456E-03,  5.93226E-03,  6.10554E-03,  6.28412E-03,  6.46762E-03,  6.65550E-03,  6.84711E-03,  7.04165E-03,  7.23815E-03,  7.43546E-03,  7.63226E-03,  7.82704E-03,  8.01810E-03,  8.20355E-03,  8.38135E-03,  8.54931E-03,  8.70513E-03,  8.84645E-03,  8.97090E-03,  9.07615E-03,  9.15999E-03,  9.22042E-03,  9.25569E-03,  9.26440E-03,  9.24552E-03,  9.19848E-03,  9.12317E-03,  9.01997E-03,  8.88971E-03,  8.73365E-03,  8.55346E-03,  8.35109E-03,  8.12878E-03,  7.88892E-03,  7.63402E-03,  7.36662E-03,  7.08921E-03,  6.80422E-03,  6.51393E-03,  6.22049E-03,  5.92583E-03,  5.63172E-03,  5.33971E-03,  5.05116E-03,  4.76723E-03,  4.48891E-03,  4.21701E-03,  3.95219E-03,  3.69497E-03,  3.44573E-03,  3.20476E-03,  2.97224E-03,  2.74828E-03,  2.53291E-03,  2.32610E-03,  2.12776E-03,  1.93780E-03,  1.75604E-03,  1.58233E-03,  1.41645E-03,  1.25819E-03,  1.10734E-03,  9.63665E-04,  8.26920E-04,  6.96870E-04,  5.73278E-04,  4.55904E-04,  3.44516E-04,  2.38881E-04,  1.38772E-04,  4.39687E-05, -4.57456E-05,
